file_name,uni,wylie,url,dept,grade,char_len,audio_len,path,inf
STT_TT00202_00927.700-00929.400,ཨེ་ནས་རྗེ་བཙུན་བྱམས་མགོན་གི་ཕྱག་གཡས་པ་དེ།  ,e nas rje btsun byams mgon gi phyag g.yas pa de/__,https://d38pmlk0v88drf.cloudfront.net/wav16k/STT_TT00202_00927.700-00929.400.wav,STT_TT,3,43,1.6999999999999318,wav16k/STT_TT00202_00927.700-00929.400.wav,ཨེ་ནས། རྗེ་བཙུན་བྱམས་མགོན་གི་ཕྱག་གཡས་པ་འདི།
STT_TT00202_00929.850-00933.300,སོ་སོའི་མགོ་སྒང་ལ་མར་བཞག་བྱས། རྗེ་བཙུན་བྱམས་མགོན་ཐུགས་མཉེས་པོ་ཞེ་བོ་བྱུང་སོང་བསམ་བསམ།  ,so so'i mgo sgang la mar bzhag byas/_rje btsun byams mgon thugs mnyes po zhe bo byung song bsam bsam/__,https://d38pmlk0v88drf.cloudfront.net/wav16k/STT_TT00202_00929.850-00933.300.wav,STT_TT,3,87,3.449999999999932,wav16k/STT_TT00202_00929.850-00933.300.wav,སོ་སོའི་མགོའི་སྒང་ལ་མར་བཞག་བྱས། རྗེ་བཙུན་བྱམས་མགོན་ཐུགས་མཉེས་པོ་ཞེ་བོ་ཞིག་བྱུང་སོང་བསམ་བསམ།
STT_TT00202_00999.350-01002.700,རྗེ་བཙུན་བྱམས་མགོན་གི་ཕྱག་གཡས་པ་དེ་ནི། སོ་སོའི་མགོའི་སྒང་ལ་མར་བཞག་སོང་བསམ་བསམ།  ,rje btsun byams mgon gi phyag g.yas pa de ni/_so so'i mgo'i sgang la mar bzhag song bsam bsam/__,https://d38pmlk0v88drf.cloudfront.net/wav16k/STT_TT00202_00999.350-01002.700.wav,STT_TT,3,80,3.3500000000000227,wav16k/STT_TT00202_00999.350-01002.700.wav,རྗེ་བཙུན་བྱམས་མགོན་གི་ཕྱག་གཡས་པ་དེ། སོ་སོའི་མགོའི་སྒང་ལ་མར་བཞག་སོང་བསམ་བསམ།
STT_TT00202_00986.450-00996.650,བྱང་ཆུབ་མཆོག་ཏུ་ལུང་བསྟན་ནས། བླ་མེད་བྱང་ཆུབ་མཆོག་ཏུ་ལུང་བསྟན་ནས། འགྲོ་ཀུན་དོན་དུ་སངས་རྒྱས་མྱུར་ཐོབ་ཤོག། འགྲོ་ཀུན་དོན་དུ་སངས་རྒྱས་མྱུར་ཐོབ་ཤོག། ཨོ་ཡ་ད་འདི་ཚར་གཉིས་པ་དེ་བྱས།  ,byang chub mchog tu lung bstan nas/_bla med byang chub mchog tu lung bstan nas/_'gro kun don du sangs rgyas myur thob shog/_'gro kun don du sangs rgyas myur thob shog/_o ya da 'di tshar gnyis pa de byas/__,https://d38pmlk0v88drf.cloudfront.net/wav16k/STT_TT00202_00986.450-00996.650.wav,STT_TT,3,173,10.199999999999932,wav16k/STT_TT00202_00986.450-00996.650.wav,མཆོག་ཏུ་ལུང་བསྟན་ནས། བྱངཆུབ་མཆཏུསྟ། འགྲོ་ཀུན་དོན་དུ་སངས་རྒྱས་མྱུར་ཐོབ་ར་ཤོག འགྲོ་ུན་དོན་དུ་སངས་རྒས་མོུ འོ་ཡ། ད་འདི་ཚར་གཉིས་པ་འདི་བྱས།
STT_TT00202_01008.300-01009.050,བསམ་བློ་གཅིག་བཏང་།  ,bsam blo gcig btang /__,https://d38pmlk0v88drf.cloudfront.net/wav16k/STT_TT00202_01008.300-01009.050.wav,STT_TT,3,20,0.75,wav16k/STT_TT00202_01008.300-01009.050.wav,བསམ་བློ་ཅིག་བཏང་།
STT_TT00202_01003.150-01005.150,ཨེ་ནས། རྗེ་བཙུན་བྱམས་མགོན་གི་ཕྱག་དེ་མར་བཞག་ཡོང་དུས་དེ་བ།  ,e nas/_rje btsun byams mgon gi phyag de mar bzhag yong dus de ba/__,https://d38pmlk0v88drf.cloudfront.net/wav16k/STT_TT00202_01003.150-01005.150.wav,STT_TT,3,58,2.0,wav16k/STT_TT00202_01003.150-01005.150.wav,ཨེ་ནས། རྗེ་བཙུན་བྱམས་མགོན་གི་ཕྱག་དེ་མར་བཞག་ཡོང་དུས་དེ་བ།
STT_TT00202_01005.750-01007.800,མགོའི་དཀྱིལ་དེ་བ་ཚ་ཧུའི་ཧུའི་འདྲ་བྱས། ཨིན་འདྲ་ཞིག ,mgo'i dkyil de ba tsha hu'i hu'i 'dra byas/_in 'dra zhig_,https://d38pmlk0v88drf.cloudfront.net/wav16k/STT_TT00202_01005.750-01007.800.wav,STT_TT,3,50,2.0499999999999545,wav16k/STT_TT00202_01005.750-01007.800.wav,སྒོའི་དཀྱིལ་དེ་བ། ཚ་ཧུ་ཧུ་ར་ྱེག་ངེ དེ་འདྲའི་་ཞིག
STT_TT00202_01009.650-01012.950,ཨེ་ནས་རྗེ་བཙུན་བྱམས་མགོན་གི་ཕྱག་མར་བཞག་བྱས་ཐུགས་མཉེས་པོ་ཞེ་བོ་ཞིག་ཡོང་དགོས་ཡ་རྒྱུ་མཚན་ཏེ།  ,e nas rje btsun byams mgon gi phyag mar bzhag byas thugs mnyes po zhe bo zhig yong dgos ya rgyu mtshan te/__,https://d38pmlk0v88drf.cloudfront.net/wav16k/STT_TT00202_01009.650-01012.950.wav,STT_TT,3,91,3.300000000000068,wav16k/STT_TT00202_01009.650-01012.950.wav,ཨེ་ནས། རྗེ་བཙུན་བྱམས་མགོན་གི་ཕྱག་མར་བཞག་བྱས། ཐུགས་མཉེས་པོ་ཞེ་བོ་ཅིག་ཡོང་དགོས་ཡ་ི་རྒྱུ་མཚན་འདི།
STT_TT00202_01013.550-01017.350,ག་རེ་རེད་ཟེར་གིས་འདུག་ན། ངས་སེམས་ཅན་ཐམས་ཅད་ཀི་དོན་དག་ལ། སངས་རྒྱས་འཕགས་པ་འཐོབ་ཀི་ཡིན་བྱས་ནས།  ,ga re red zer gis 'dug na/_ngas sems can thams cad ki don dag la/_sangs rgyas 'phags pa 'thob ki yin byas nas/__,https://d38pmlk0v88drf.cloudfront.net/wav16k/STT_TT00202_01013.550-01017.350.wav,STT_TT,3,93,3.800000000000068,wav16k/STT_TT00202_01013.550-01017.350.wav,ག་རེ་རེད་ཟེར་གི་འདུག་ན། ངས་སེམས་ཅན་ཐམས་ཅད་ཀི་དོན་དག་ལ། སངས་རྒྱས་གོ་འཕང་ཐོབ་ཀི་ཡིན་བྱས་ནས།
STT_TT00202_01017.550-01019.650,རྗེ་བཙུན་བྱམས་མགོན་ལ་ཡར་ཞུས། ཁས་ལེན་བྱས་དེ་འདྲ་སོང་ཙང་།  ,rje btsun byams mgon la yar zhus/_khas len byas de 'dra song tsang /__,https://d38pmlk0v88drf.cloudfront.net/wav16k/STT_TT00202_01017.550-01019.650.wav,STT_TT,3,57,2.1000000000000227,wav16k/STT_TT00202_01017.550-01019.650.wav,རྗེ་བཙུན་བྱམས་མགོན་ལ་ཡ་ཞུས། ཁས་ལེན་བྱས། དེ་འདྲའི་སོང་ཙང་།
STT_TT00202_01020.200-01022.400,ད་ཁོ་རང་ཐུགས་མཉེས་པོ་ཞེ་བོ་ཞིག་བྱུང་སོང་བསམ་བསམ།  ,da kho rang thugs mnyes po zhe bo zhig byung song bsam bsam/__,https://d38pmlk0v88drf.cloudfront.net/wav16k/STT_TT00202_01020.200-01022.400.wav,STT_TT,3,50,2.199999999999932,wav16k/STT_TT00202_01020.200-01022.400.wav,ད་ཁོ་རང་ཐུགས་མཉེས་པོ་ཞེ་བོ་ཞིག་བྱུང་སོང་བསམ་བསམ།
STT_TT00202_01022.700-01023.900,ཨོ་དེ་འདྲ་བསམ་བློ་བཏང་ཤོག་ཨ།  ,o de 'dra bsam blo btang shog a/__,https://d38pmlk0v88drf.cloudfront.net/wav16k/STT_TT00202_01022.700-01023.900.wav,STT_TT,3,30,1.1999999999999318,wav16k/STT_TT00202_01022.700-01023.900.wav,འོ་དེ་འདྲ་བསམ་བློ་གཏང་ཤོག་ཨ།
STT_TT00202_01024.050-01026.150,ཨེ་ནས་དེ་ནས་འདིའི། གསུམ་པོ་ཚར་ཡོང་དུས་དེ་བ།  ,e nas de nas 'di'i/_gsum po tshar yong dus de ba/__,https://d38pmlk0v88drf.cloudfront.net/wav16k/STT_TT00202_01024.050-01026.150.wav,STT_TT,3,45,2.1000000000001364,wav16k/STT_TT00202_01024.050-01026.150.wav,ཨེ་ནས། དེ་ནས་འདི། གསུམ་པོ་ཚར་ཡོང་དུས་དེ་བ།
STT_TT00202_01026.500-01028.450,དེ་ནས་མར་སྐུ་ཕྱོགས་ལ་རྣམ་པ་ཚོའི་འབྲུ་བཤུག་གི་རེད།  ,de nas mar sku phyogs la rnam pa tsho'i 'bru bshug gi red/__,https://d38pmlk0v88drf.cloudfront.net/wav16k/STT_TT00202_01026.500-01028.450.wav,STT_TT,3,51,1.9500000000000453,wav16k/STT_TT00202_01026.500-01028.450.wav,དེ་ནས་མར། སྐུ་ཤོགས་ལགས་རྣམ་པ་ཚོས་འབྲུ་ཤོར་ཀི་རེད།
STT_TT00202_01028.750-01029.650,ཁྱེད་རང་ཚོའི་མདུན་ལ་མར།  ,khyed rang tsho'i mdun la mar/__,https://d38pmlk0v88drf.cloudfront.net/wav16k/STT_TT00202_01028.750-01029.650.wav,STT_TT,3,25,0.900000000000091,wav16k/STT_TT00202_01028.750-01029.650.wav,ཁྱེད་རང་ཚོའི་མདུན་ལ་མར།
STT_TT00202_01029.800-01033.100,ཨེ་ནས་འདིའི་འབྲུ་དེ་བཤོ་ཡོང་དུས། སོ་སོའི་སིང་ལ་མར་ཐོབ་ཐོབ་སེ་མར་ཟག་ཡོང་དུས།  ,e nas 'di'i 'bru de bsho yong dus/_so so'i sing la mar thob thob se mar zag yong dus/__,https://d38pmlk0v88drf.cloudfront.net/wav16k/STT_TT00202_01029.800-01033.100.wav,STT_TT,3,77,3.2999999999999545,wav16k/STT_TT00202_01029.800-01033.100.wav,ཨེ་ནས། འདིི་འབྲུ་འདི་བཤད་ཡོང་དུས། སོ་སོའི་ཚིག་ལ་མར་ཐོབ་ཐོབ་ཐོབ་སེ་མར་ཟགས་ཡོང་དུས།
STT_TT00202_00933.700-00936.050,ཨེ་ནས། རྗེ་བཙུན་བྱམས་པ་དཔེ། ཞལ་འཛུམ་ཇི་ཇི་བཅས་པའི་ངང་ནས།  ,e nas/_rje btsun byams pa dpe/_zhal 'dzum ji ji bcas pa'i ngang nas/__,https://d38pmlk0v88drf.cloudfront.net/wav16k/STT_TT00202_00933.700-00936.050.wav,STT_TT,3,58,2.349999999999909,wav16k/STT_TT00202_00933.700-00936.050.wav,ད རྗེ་བཙུན་ཕྱམས་མགོན་དཔེ་ཞལ་འཛུམ་སིག་སིག་དང་བཅས་པའི་ངང་ནས།
STT_TT00202_00936.500-00938.600,ད་བུ་ཁྱོད་འགྲིག་ཤག ངས་ཁྱོད་རང་གི་དགེ་རྒན་བྱེད་གོ ,da bu khyod 'grig shag_ngas khyod rang gi dge rgan byed go_,https://d38pmlk0v88drf.cloudfront.net/wav16k/STT_TT00202_00936.500-00938.600.wav,STT_TT,3,49,2.1000000000000227,wav16k/STT_TT00202_00936.500-00938.600.wav,ད་ཕུ་རྒྱུད་འགྲིག་ཤག ངས་ཁྱེད་རང་གི་དགེ་རྒན་བྱེད་དགོ
STT_TT00202_00939.000-00941.250,ཁྱོད་རང་ཨང་དང་པོ། སངས་རྒྱས་ཀི་ས་ལ་བཀོད་དགོས་བྱས་ནས།  ,khyod rang ang dang po/_sangs rgyas ki sa la bkod dgos byas nas/__,https://d38pmlk0v88drf.cloudfront.net/wav16k/STT_TT00202_00939.000-00941.250.wav,STT_TT,3,53,2.25,wav16k/STT_TT00202_00939.000-00941.250.wav,ཁྱོད་རང་ཨང་དང་པོ་སངས་རྒྱས་ཀི་ས་ལ་བཀོད་དགོ་བྱས་ནས།
STT_TT00202_00941.700-00944.100,དེ་འདྲ་གསུང་གི་འདུག བསམ་བསམ་གི འོ་འདི་བསམ་བློ་གཏང་དགོས་ཀི་ཡོད་རེད་དཱ།  ,de 'dra gsung gi 'dug_bsam bsam gi_'o 'di bsam blo gtang dgos ki yod red dA/__,https://d38pmlk0v88drf.cloudfront.net/wav16k/STT_TT00202_00941.700-00944.100.wav,STT_TT,3,71,2.3999999999999773,wav16k/STT_TT00202_00941.700-00944.100.wav,དེ་འདྲ་གསུང་གི་འདུག་བསམ་བསམ་ཞིག འོ་འདི་བསམ་བློ་གཏང་དགོས་ཀི་ཡོད་རེད་དཱ།
STT_TT00202_00944.500-00947.750,ཨེ་ནས། མི་གཞན་དག་གིས། ལག་པ་འདུག་སེ། སོ་སོའི་མགོ་སྒང་ལ་མ་བཞག་ཡོང་དུས།  ,e nas/_mi gzhan dag gis/_lag pa 'dug se/_so so'i mgo sgang la ma bzhag yong dus/__,https://d38pmlk0v88drf.cloudfront.net/wav16k/STT_TT00202_00944.500-00947.750.wav,STT_TT,3,70,3.25,wav16k/STT_TT00202_00944.500-00947.750.wav,ཨེ་ནས། མི་གཞན་དག་གི་ལག་པ་འཐུང་ལ། སོ་སོའི་མགོའི་སྒང་ལ་མར་བཞག་ཡོང་དུས།
STT_TT00202_00948.200-00950.000,ཚོར་སྣང་འདྲ་བོ་ཞིག མི་འདྲ་བ་ཅིག་ཡོང་གི་རེད་བ། ཚ་ཁུ་ཁུ།  ,tshor snang 'dra bo zhig_mi 'dra ba cig yong gi red ba/_tsha khu khu/__,https://d38pmlk0v88drf.cloudfront.net/wav16k/STT_TT00202_00948.200-00950.000.wav,STT_TT,3,56,1.7999999999999543,wav16k/STT_TT00202_00948.200-00950.000.wav,ཚོར་སྣང་འདྲ་ཞིག་མི་འདྲ་བ་ཅིག་ཡོང་གི་རེད་བ། ཚ་གོ་།
STT_TT00202_00950.650-00952.700,འོ་དེ་འདྲ་ཡ་ཡོང་གི་འདུག་གཱ ཅིག་ལྟོས་དཱ། ཡག་པོ་ཞེ་བོ་ཞིག་ཡོད་རེད།  ,'o de 'dra ya yong gi 'dug gA_cig ltos dA/_yag po zhe bo zhig yod red/__,https://d38pmlk0v88drf.cloudfront.net/wav16k/STT_TT00202_00950.650-00952.700.wav,STT_TT,3,66,2.050000000000068,wav16k/STT_TT00202_00950.650-00952.700.wav,འོ་དེ་འདྲ་ཡར་ཡོང་གི་འདུག་གེ ཅིག་ལྟོས་ད་། ཡག་པོ་ཞེ་བོ་ཞིག་ཡོད་རེད།
STT_TT00202_00954.250-00964.825,དེ་ཚེ་རྒྱལ་བ་བྱམས་པ་རབ་ཏུ་དགྱེས། དེ་ཚེ་རྒྱལ་བ་བྱམས་པ་རབ་ཏུ་དགྱེས། ཕྱག་གཡས་བདག་གི་མགོ་ལ་བཞག་བཞན་དུ། ཕྱག་གཡས་བདག་གི་མགོ་ལ་བཞག་བཞན་དུ། བླ་མེད་བྱང་ཆུབ་མཆོག ,de tshe rgyal ba byams pa rab tu dgyes/_de tshe rgyal ba byams pa rab tu dgyes/_phyag g.yas bdag gi mgo la bzhag bzhan du/_phyag g.yas bdag gi mgo la bzhag bzhan du/_bla med byang chub mchog_,https://d38pmlk0v88drf.cloudfront.net/wav16k/STT_TT00202_00954.250-00964.825.wav,STT_TT,3,152,10.575000000000044,wav16k/STT_TT00202_00954.250-00964.825.wav,དེ་ཚེ་རྒྱལ་བ་བྱམས་པ་རབ་ཏུ་བགྱིས།  ཕྱག་གཡས་བདག་གི་མགོ་ལ་བཞག་བཞིན་དུ། ཕསབབཞིན་དུ། བླ་མེད་བྱང་ཆུབ་མཆོག
STT_TT00202_01048.600-01050.300,འོ་དེ་འདྲ་གི་གསལ་བཏབ་དགོས་ཀི་ཡོད་རེད་དོ།  ,'o de 'dra gi gsal btab dgos ki yod red do/__,https://d38pmlk0v88drf.cloudfront.net/wav16k/STT_TT00202_01048.600-01050.300.wav,STT_TT,3,42,1.7000000000000457,wav16k/STT_TT00202_01048.600-01050.300.wav,འོ་དེ་འདྲ་གི་གསལ་བཏབ་དགོས་ཀི་ཡོད་རེད་དོ།
STT_TT00202_00964.825-00975.400,ལུང་བསྟན་ནས། བླ་མེད་བྱང་ཆུབ་མཆོག་ཏུ་ལུང་བསྟན་ནས། འགྲོ་ཀུན་དོན་དུ་སངས་རྒྱས་མྱུར་ཐོབ་ཤོག འགྲོ་ཀུན་དོན་དུ་སངས་རྒྱས་མྱུར་ཐོབ་ཤོག འོ་འདི་ཚར་དང་པོ་འདི་བྱས། ད་ཚར་གཉིས་པ་ཡིན་དཱ།  ,lung bstan nas/_bla med byang chub mchog tu lung bstan nas/_'gro kun don du sangs rgyas myur thob shog_'gro kun don du sangs rgyas myur thob shog_'o 'di tshar dang po 'di byas/_da tshar gnyis pa yin dA/__,https://d38pmlk0v88drf.cloudfront.net/wav16k/STT_TT00202_00964.825-00975.400.wav,STT_TT,3,171,10.574999999999932,wav16k/STT_TT00202_00964.825-00975.400.wav,ལུང་བསྟན་ནས། ཞབམཆཏུ་བསྟ། འགྲོ་ཀུན་དོན་དུ་སངས་རྒྱས་མྱུར་ཐུབ་ཤོག འགྲོ་ུན་དོན་དུསངས་རྒྱསམྱུར་ཐཤོག འོ་འདི་ཚར་དང་པོ་འདི་བྱས། ད་ཚར་གཉིས་པ་འདི་ཡིན་དཱ།
STT_TT00202_01086.700-01089.550,དོབ་དོབ་དོབ་ཟེར་ཡ་འདི། རྗེ་བཙུན་བྱམས་མགོན་གི་སྐུ་མདུན་ལ་ཟག་འགྲོ་གི་བསམ་བསམ།  ,dob dob dob zer ya 'di/_rje btsun byams mgon gi sku mdun la zag 'gro gi bsam bsam/__,https://d38pmlk0v88drf.cloudfront.net/wav16k/STT_TT00202_01086.700-01089.550.wav,STT_TT,3,77,2.849999999999909,wav16k/STT_TT00202_01086.700-01089.550.wav,དོབ་ོབ་དོབ་ཟེར་ཡ་འདི། རྗེ་བཙུན་བྱམས་མགོན་གི་སྐུ་མདུན་ལ་ཟགས་འགྲོ་གི་བསམ་བསམ།
STT_TT00202_00976.250-00986.450,དེ་ཚེ་རྒྱལ་བ་བྱམས་པ་རབ་ཏུ་དགྱེས། དེ་ཚེ་རྒྱལ་བ་བྱམས་པ་རབ་ཏུ་དགྱེས། ཕྱག་གཡས་བདག་གི་མགོ་ལ་བཞག་བཞན་དུ། ཕྱག་གཡས་བདག་གི་མགོ་ལ་བཞག་བཞན་དུ། བླ་མེད་བྱང་ཆུབ།  ,de tshe rgyal ba byams pa rab tu dgyes/_de tshe rgyal ba byams pa rab tu dgyes/_phyag g.yas bdag gi mgo la bzhag bzhan du/_phyag g.yas bdag gi mgo la bzhag bzhan du/_bla med byang chub/__,https://d38pmlk0v88drf.cloudfront.net/wav16k/STT_TT00202_00976.250-00986.450.wav,STT_TT,3,149,10.200000000000044,wav16k/STT_TT00202_00976.250-00986.450.wav,དེ་ཚེ་རྒྱལ་བ་བྱམས་པ་རབ་ཏུ་བགྱེས། ཕྱག་ཡས་བདག་གི་མྒོ་ལ་བཞག་བཞིན་དུ། བཞ། བླ་མེད་བྱང་ཆུབ་
STT_TT00202_01050.750-01052.650,འདི་བཏབ་ན། དཔེ་བརྒྱ་ཆ་བརྒྱ་ཐམ་པའི་ང་ཚོ།  ,'di btab na/_dpe brgya cha brgya tham pa'i nga tsho/__,https://d38pmlk0v88drf.cloudfront.net/wav16k/STT_TT00202_01050.750-01052.650.wav,STT_TT,3,41,1.900000000000091,wav16k/STT_TT00202_01050.750-01052.650.wav,འདི་བཏབ་ན་དཔེ།་བརྒྱ་ཆ་བརྒྱ་ཐམ་པའི་ང་ཚོས།
STT_TT00202_01053.050-01054.300,འགན་ལེན་ཆ་ཚང་ཐུབ་ཀི་རེད་ཟེར།  ,'gan len cha tshang thub ki red zer/__,https://d38pmlk0v88drf.cloudfront.net/wav16k/STT_TT00202_01053.050-01054.300.wav,STT_TT,3,30,1.25,wav16k/STT_TT00202_01053.050-01054.300.wav,འགན་ལེན་ཆ་ཚང་ཐུབ་ཀི་རེད་ཟེ།
STT_TT00202_01055.100-01067.050,དེ་ཚེ་རྒྱལ་བ་བྱམས་པ་རབ་ཏུ་དགྱེས། དེ་ཚེ་རྒྱལ་བ་བྱམས་པ་རབ་ཏུ་དགྱེས། ཕྱག་གཡས་བདག་གི་མགོ་ལ་བཞག་བཞན་དུ། ཕྱག་གཡས་བདག་གི་མགོ་ལ་བཞག་བཞན་དུ། བླ་མེད་བྱང་ཆུབ་མཆོག་ཏུ་ལུང་བསྟན་ནས།  ,de tshe rgyal ba byams pa rab tu dgyes/_de tshe rgyal ba byams pa rab tu dgyes/_phyag g.yas bdag gi mgo la bzhag bzhan du/_phyag g.yas bdag gi mgo la bzhag bzhan du/_bla med byang chub mchog tu lung bstan nas/__,https://d38pmlk0v88drf.cloudfront.net/wav16k/STT_TT00202_01055.100-01067.050.wav,STT_TT,3,169,11.950000000000044,wav16k/STT_TT00202_01055.100-01067.050.wav,དེ་ཚེ་རྒྱལ་བ་བྱམས་པ་རབ་ཏུ་བགྱེས། དིརྒྱལ་བ་ྱང་་རབ་ཏུ་བགྱི། ཕྱག་ཡས་བདག་གི་སགོ་ལ་བཞག་བཞིན་དུ། ཕྱག་ས་བདག་གི་གོ་ལ་བཞག་བཞིན་དུ། བླ་མེད་བྱང་ཆུབ་མཆོག་ཏུ་ལུང་བསྟན་ནས།
STT_TT00202_01067.050-01079.000,བླ་མེད་བྱང་ཆུབ་མཆོག་ཏུ་ལུང་བསྟན་ནས། འགྲོ་ཀུན་དོན་དུ་སངས་རྒྱས་མྱུར་ཐོབ་ཤོག འགྲོ་ཀུན་དོན་དུ་སངས་རྒྱས་མྱུར་ཐོབ་ཤོག འོ་ཡ། ད་དེ་ནས་མ། འབྲུ་བཤུ་གི་རེད། ཨེ་ནས་བསམ་བློ་འོ་དེ་འདྲ་གཏང་ཤོག་ཨ། སོ་སོའི་དགེ་རྩ་འདི།  ,bla med byang chub mchog tu lung bstan nas/_'gro kun don du sangs rgyas myur thob shog_'gro kun don du sangs rgyas myur thob shog_'o ya/_da de nas ma/_'bru bshu gi red/_e nas bsam blo 'o de 'dra gtang shog a/_so so'i dge rtsa 'di/__,https://d38pmlk0v88drf.cloudfront.net/wav16k/STT_TT00202_01067.050-01079.000.wav,STT_TT,3,202,11.950000000000044,wav16k/STT_TT00202_01067.050-01079.000.wav,བྱང་ཆུབ་མཆོག་ཏུ་་ན། འགྲོ་ཀུན་དོན་དུ་སངས་རྒྱས་མྱུར་ཐོབ་པར་ཤོག འགྲོ་་ྱུདུསུརུར་པ་ཤོག འོ་ཡ། ད་འདི་ནས་མར་འབྲུ་ཤོར་གི་རེད། ཨེ་ནས། བསམ་བློ་འོ་དེ་འདྲ་གཏོང་ཤོག་ཨ། སོ་སོའི་དགེ་རྩ་འདི།
STT_TT00202_01079.350-01082.800,རྗེ་བཙུན་བྱམས་མགོན་སྐུ་མདུན་ལ་ཡ་ཕྱིན་བྱས། ཐོབ་ཐོབ་ཐོབ། ཕྱིན་སོང་བསམ་བསམ།  ,rje btsun byams mgon sku mdun la ya phyin byas/_thob thob thob/_phyin song bsam bsam/__,https://d38pmlk0v88drf.cloudfront.net/wav16k/STT_TT00202_01079.350-01082.800.wav,STT_TT,3,74,3.450000000000045,wav16k/STT_TT00202_01079.350-01082.800.wav,རྗེ་བཙུན་བྱམས་མགོན་གི་སྐུ་མདུན་ལ་ཡ་ཕྱིན་བྱས། ཐོབ་ཐོབ་ཐོབ་ཕྱིན་སོང་བསམ་བསམ།
STT_TT00202_01083.200-01085.900,འབྲུ་འདི། ཡ་ནས་རྒན་ལགས་ཀི་བཤུ་གི་ཡིན་བསམ་བསམ། བསམ་བློ་གཏང་དགོས་ཀི་ཡོད་རེད་དཱ།  ,'bru 'di/_ya nas rgan lags ki bshu gi yin bsam bsam/_bsam blo gtang dgos ki yod red dA/__,https://d38pmlk0v88drf.cloudfront.net/wav16k/STT_TT00202_01083.200-01085.900.wav,STT_TT,3,79,2.700000000000045,wav16k/STT_TT00202_01083.200-01085.900.wav,འབྲུ་འདི་ཡིན་ནའ། རྒན་ལགས་ཀིས་ཤོད་ཀི་ཡིན་བསམ་བསམ། བསམ་བློ་གཏང་དགོས་ཀི་ཡོད་རེད་ད།
STT_TT00202_01089.900-01091.000,འོ་དེ་འདྲ་བསམ་བློ་གཏང་དགོས་ཀི་ཡོད་རེད།  ,'o de 'dra bsam blo gtang dgos ki yod red/__,https://d38pmlk0v88drf.cloudfront.net/wav16k/STT_TT00202_01089.900-01091.000.wav,STT_TT,3,40,1.099999999999909,wav16k/STT_TT00202_01089.900-01091.000.wav,འོ་དེ་འདྲ་བསམ་བློ་གཏང་དགོས་ཀི་ཡོད་རེད།
STT_TT00202_01097.200-01097.950,འདི་འབུ་དེ་ཡ་བྱེད།  ,'di 'bu de ya byed/__,https://d38pmlk0v88drf.cloudfront.net/wav16k/STT_TT00202_01097.200-01097.950.wav,STT_TT,3,20,0.75,wav16k/STT_TT00202_01097.200-01097.950.wav,འདི་སྦུག་བསྡད་ཡ་ཞིག
STT_TT00202_01033.550-01035.400,ཨེ་ནས་ང་ཚོའི་ད་འདའ་བསགས་བཞག་པའི་དགེ་རྩ།  ,e nas nga tsho'i da 'da' bsags bzhag pa'i dge rtsa/__,https://d38pmlk0v88drf.cloudfront.net/wav16k/STT_TT00202_01033.550-01035.400.wav,STT_TT,3,41,1.8500000000001364,wav16k/STT_TT00202_01033.550-01035.400.wav,ཨེ་ནས། ང་ཚོས་ད་ལྟ་བསགས་བཞག་རྒྱོ་གི་དགེ་རྩ།
STT_TT00202_01035.950-01039.050,ད་གེ་དེ་ང་ཚོའི་ལག་པ་དང་། ད་ནངས་ཞོགས་པའི་སོ་སོའི་ཁྱིམ་ཚང་ནང་ནས་ཚུལ་ཁྱེར་ཡོང་པ་དེ།  ,da ge de nga tsho'i lag pa dang /_da nangs zhogs pa'i so so'i khyim tshang nang nas tshul khyer yong pa de/__,https://d38pmlk0v88drf.cloudfront.net/wav16k/STT_TT00202_01035.950-01039.050.wav,STT_TT,3,82,3.099999999999909,wav16k/STT_TT00202_01035.950-01039.050.wav,ད་གིན་དེ། ང་ཚོའི་ལག་པ་དང། ད་རང་ཞོགས་པའི་སོ་སོའི་ཁྱིམ་ཚང་ནང་ནས་ཚུར་ཁྱེར་ཡོང་ཡ་གི
STT_TT00202_01039.600-01041.250,བཟའ་འབྲུ་མཆོད་པའི་རྫས་དེ་གས་གང་ག ,bza' 'bru mchod pa'i rdzas de gas gang ga_,https://d38pmlk0v88drf.cloudfront.net/wav16k/STT_TT00202_01039.600-01041.250.wav,STT_TT,3,33,1.650000000000091,wav16k/STT_TT00202_01039.600-01041.250.wav,སེམས་བསྒྱད་ཆོད་པའི་རྫས་འདེ་གས་གང་ག
STT_TT00202_01041.600-01044.800,ཨེ་ནས་རྗེ་བཙུན་བྱམས་མགོན་སྐུ་མདུན་ལ། དགའ་ལྡན་ཡིད་དགའ་ཆོས་འཛིན་ལ་ཡ། ཕྱིན་སོང་བསམ་བསམ།  ,e nas rje btsun byams mgon sku mdun la/_dga' ldan yid dga' chos 'dzin la ya/_phyin song bsam bsam/__,https://d38pmlk0v88drf.cloudfront.net/wav16k/STT_TT00202_01041.600-01044.800.wav,STT_TT,3,86,3.200000000000045,wav16k/STT_TT00202_01041.600-01044.800.wav,ཨེ་ནས། རྗེ་བཙུན་བྱམས་མགོན་སྐུ་མདུན་ལ། དགའ་ལྡན་ཡི་གེ་ཆོས་འཛིན་ལ་ཡ་ཕྱིན་སོང་བསམ་བསམ།
STT_TT00202_01045.350-01048.200,རྗེ་བཙུན་བྱམས་མགོན་སྐུ་མདུན་ལ་ཡ། ཐོབ་ཐོབ་སེ་བྱས་ནས་ཟགས་སོང་བསམ་བསམ།  ,rje btsun byams mgon sku mdun la ya/_thob thob se byas nas zags song bsam bsam/__,https://d38pmlk0v88drf.cloudfront.net/wav16k/STT_TT00202_01045.350-01048.200.wav,STT_TT,3,69,2.8500000000001364,wav16k/STT_TT00202_01045.350-01048.200.wav,རྗེ་བཙུན་བྱམས་མགོན་ི་སྐུ་མདུན་ལ་ཡ། དོབ་ོབ་ཐོབ་ེ་བྱས་ནས་ཟག་སོང་བསམ་བསམ།
STT_TT00203_00001.300-00002.650,ཨོ་ཡ་འདི་ཁྱེད་རང་ཐམས་ཅད་ལ་མི་འདུག་ག ,o ya 'di khyed rang thams cad la mi 'dug ga_,https://d38pmlk0v88drf.cloudfront.net/wav16k/STT_TT00203_00001.300-00002.650.wav,STT_TT,3,36,1.35,wav16k/STT_TT00203_00001.300-00002.650.wav,འོ་ཡ་ད་འདི་ཁྱེད་རང་རྣམས། སྐ་ན་དེ་འདུག་ག
STT_TT00203_00003.250-00005.300,དེབ་ཆ་འདིའི་ཤོག་བུ་སུམ་ཅུ་སོ་བདུན་ནང་དེར་འདུག ,deb cha 'di'i shog bu sum cu so bdun nang der 'dug_,https://d38pmlk0v88drf.cloudfront.net/wav16k/STT_TT00203_00003.250-00005.300.wav,STT_TT,3,46,2.05,wav16k/STT_TT00203_00003.250-00005.300.wav,དེབ་ཆེ་བ་འདི། ཤོག་གུ་སུམ་ཅུ་སོ་བདུན་ནང་དེ་འདུག
STT_TT00203_00006.600-00007.550,ད་ང་ཚོའི་འདོད་ཨ་གསན་ཤོག ,da nga tsho'i 'dod a gsan shog_,https://d38pmlk0v88drf.cloudfront.net/wav16k/STT_TT00203_00006.600-00007.550.wav,STT_TT,3,24,0.9500000000000002,wav16k/STT_TT00203_00006.600-00007.550.wav,ད་ང་ཚོ་འདེ་ནས་ཡར་གསན་ཤོག་ཨ།
STT_TT00203_00008.500-00009.100,ན་ཚོ་འདི་འདྲ་ཞིག་ཡོད་པ།  ,na tsho 'di 'dra zhig yod pa/__,https://d38pmlk0v88drf.cloudfront.net/wav16k/STT_TT00203_00008.500-00009.100.wav,STT_TT,3,25,0.5999999999999996,wav16k/STT_TT00203_00008.500-00009.100.wav,ང་ཚོ་དེ་འདྲ་ཅིག་ཡོད་།
STT_TT00203_00009.400-00011.150,གུང་ཐང་རིན་པོ་ཆེ་ཟེར་ངེ་བླ་མ་བསམ་གྱི་མི་ཁྱབ་པ་ཞིག ,gung thang rin po che zer nge bla ma bsam gyi mi khyab pa zhig_,https://d38pmlk0v88drf.cloudfront.net/wav16k/STT_TT00203_00009.400-00011.150.wav,STT_TT,3,50,1.75,wav16k/STT_TT00203_00009.400-00011.150.wav,གུང་ཐང་རིན་པོ་ཆེ་ཟེར་ནེ། བླ་མ་བསམ་གྱིས་མི་ཁྱབ་པ་ཞེ་
STT_TT00203_00012.200-00018.100,བླ་མ་ཆུང་ཆུང་སྒང་ལ་ཡ། འཁྲུངས་ས་ཨམ་མདོ་ལ་འཁྲུངས། དེ་ནས་ཡར་འདི་ཡ་དབུས་གཙང་ངོས་ལ་ཡ། སློབ་གཉེར་གནང་ག་ཕེབས། འབྲས་སྤུངས་སྒོ་མང་གྲྭ་ཚང་ལ་ཡ།  ,bla ma chung chung sgang la ya/_'khrungs sa am mdo la 'khrungs/_de nas yar 'di ya dbus gtsang ngos la ya/_slob gnyer gnang ga phebs/_'bras spungs sgo mang grwa tshang la ya/__,https://d38pmlk0v88drf.cloudfront.net/wav16k/STT_TT00203_00012.200-00018.100.wav,STT_TT,3,134,5.900000000000002,wav16k/STT_TT00203_00012.200-00018.100.wav,སྔ་མོ་ཆུང་ཆུང་སྒང་ལ་ཡ། འཁྲུངས་ས་ཨ་མདོ་ལ་འཁྲུངས། ཨེ་ནས དེ་ནས་ཡར། དེ་ཡ་དབུས་གཙང་ངོས་ལ་ཡ། སློབ་གཉེར་གནང་ག་ཕེབས། འབྲས་སྤུངས་སྒོ་མང་གྲྭ་ཚང་ལ་ཡ།
STT_TT00203_00019.300-00021.400,གཞུག་གུ་དཔེ་མཁས་པ་དང་། སྒྲུབ་པའི་དབང་ཕྱུག་བསམ་གྱི་མི་ཁྱབ་པ་ཞེ་བོ་ཞིག ,gzhug gu dpe mkhas pa dang /_sgrub pa'i dbang phyug bsam gyi mi khyab pa zhe bo zhig_,https://d38pmlk0v88drf.cloudfront.net/wav16k/STT_TT00203_00019.300-00021.400.wav,STT_TT,3,69,2.099999999999998,wav16k/STT_TT00203_00019.300-00021.400.wav,གཞུག་གུ་དཔེ་མཁས་པ་དང་གྲུབ་པའི་དབང་ཕྱུག་བསམ་གྱིས་མི་ཁྱབ་པ་ཞེ་བོ་ཅིག
STT_TT00203_00021.550-00026.400,ད་སློབ་གཉེར་རྒྱག་ཡ་ཟེར་ན་འདྲ། དེ་འདྲའི་ཁ་ཐུག་ལྟོས་ཡོང་བསྡད་ད། ད་ཁོང་གིས་བརྩམས་བཞག་རྒྱུས་ཀི་དཔེ་ཆ་མང་པོ། ང་ཚོའི་སློབ་སྦྱོང་བྱེད་ཀིས་ཡོད་པ་རེད་པ།  ,da slob gnyer rgyag ya zer na 'dra/_de 'dra'i kha thug ltos yong bsdad da/_da khong gis brtsams bzhag rgyus ki dpe cha mang po/_nga tsho'i slob sbyong byed kis yod pa red pa/__,https://d38pmlk0v88drf.cloudfront.net/wav16k/STT_TT00203_00021.550-00026.400.wav,STT_TT,3,145,4.849999999999998,wav16k/STT_TT00203_00021.550-00026.400.wav,ད་སློབ་གཉེར་རྒྱག་ཡ་ཟེར་ནའང་འདྲ། དེ་འདྲ་ཁ་ཐུག་ལ་བལྟས་ཡོང་དུས་དེ་བ། ད་ཁོང་གིས་བརྩམས་བཞག་རྒྱོ་གི་དཔེ་ཆ་མང་པོ་ང་ཚོས། སློབ་སྦྱོང་བྱེད་ཀི་ཡོད་རེད་བ།
STT_TT00203_00031.650-00032.300,ཕན་བདེ་ཞི་ ,phan bde zhi _,https://d38pmlk0v88drf.cloudfront.net/wav16k/STT_TT00203_00031.650-00032.300.wav,STT_TT,3,11,0.6499999999999986,wav16k/STT_TT00203_00031.650-00032.300.wav,ཚད་ལྡན་ཞི་
STT_TT00203_00032.500-00033.450,ཆོས་མཐུན་གྲོགས་ཀིས་བསྐྱངས་ན།  ,chos mthun grogs kis bskyangs na/__,https://d38pmlk0v88drf.cloudfront.net/wav16k/STT_TT00203_00032.500-00033.450.wav,STT_TT,3,30,0.9500000000000028,wav16k/STT_TT00203_00032.500-00033.450.wav,ཆོས་མཐུན་གྲོགས་ཀིས་བསྐྱངས།
STT_TT00203_00033.800-00035.300,མཐུན་རྐྱེན་རྟེན་འབྲེལ་འཛོམ་པ་འདི་འདྲ་བ།  ,mthun rkyen rten 'brel 'dzom pa 'di 'dra ba/__,https://d38pmlk0v88drf.cloudfront.net/wav16k/STT_TT00203_00033.800-00035.300.wav,STT_TT,3,41,1.5,wav16k/STT_TT00203_00033.800-00035.300.wav,མཐུན་རྐྱེན་རྟེན་འབྲེལ་འཛོམ་པ་འདི་འདྲ་བ།
STT_TT00203_00035.700-00037.150,ཡང་ཡང་རྙེད་པར་དཀའ་ལ་དྲིན་ཆེ།  ,yang yang rnyed par dka' la drin che/__,https://d38pmlk0v88drf.cloudfront.net/wav16k/STT_TT00203_00035.700-00037.150.wav,STT_TT,3,30,1.4499999999999955,wav16k/STT_TT00203_00035.700-00037.150.wav,ཡང་ཡང་རྙེད་པར་དཀའ་ལ་དྲིན་ཆེ།
STT_TT00202_01106.700-01107.200,ད་ལྟ་མ་རེད།  ,da lta ma red/__,https://d38pmlk0v88drf.cloudfront.net/wav16k/STT_TT00202_01106.700-01107.200.wav,STT_TT,3,13,0.5,wav16k/STT_TT00202_01106.700-01107.200.wav,ཐང་གི་མ་རེད།
STT_TT00202_01114.950-01118.700,འོ་ད་བསམ་བློ། འོ་དེ་འདྲ་གཏོང་ཤོག སོ་སོའི་དགེ་རྩ་དཱ། མཆོད་རྟེན་དེ་འདྲ་དཱ། གླེགས་ཤིང་དེ་འདྲ་དཱ།  ,'o da bsam blo/_'o de 'dra gtong shog_so so'i dge rtsa dA/_mchod rten de 'dra dA/_glegs shing de 'dra dA/__,https://d38pmlk0v88drf.cloudfront.net/wav16k/STT_TT00202_01114.950-01118.700.wav,STT_TT,3,95,3.75,wav16k/STT_TT00202_01114.950-01118.700.wav,འོ་ད་བསམ་བློ་འོ་དེ་འདྲ་གཏོང་ཤོག སོ་སོའི་དགེ་རྩ་དང་ མཆོད་རྟེན་དེ་འདྲ་དཱ། སླེབ་ཤིང་དེ་འདྲ།
STT_TT00202_01119.600-01122.600,ཨེ་ནས། དེ་འདྲ། འདྲ་མ་འདྲ་རྣམས་པ་ལ་ཡ། ད་རྗེ་བཙུན་བྱམས་པ་སྐུ་མདུན་ལ་ཡ།  ,e nas/_de 'dra/_'dra ma 'dra rnams pa la ya/_da rje btsun byams pa sku mdun la ya/__,https://d38pmlk0v88drf.cloudfront.net/wav16k/STT_TT00202_01119.600-01122.600.wav,STT_TT,3,70,3.0,wav16k/STT_TT00202_01119.600-01122.600.wav,ཨེ་ནས། དེ་འདྲ་འདྲ་མ་འདྲ་རྣམ་པ་ལ་ཡ། ད་རྗེ་བཙུན་བྱམས་མགོན་སྐུ་མདུན་ལ་ཡ།
STT_TT00202_01123.000-01126.150,ཕྱིན་བྱས། དགའ་ལྡན་ཡ་གེ ཆོས་འཛིན་ལ། དོབ་ཏུ་དོབ་ཟར་སོང་བསམ་བསམ།  ,phyin byas/_dga' ldan ya ge_chos 'dzin la/_dob tu dob zar song bsam bsam/__,https://d38pmlk0v88drf.cloudfront.net/wav16k/STT_TT00202_01123.000-01126.150.wav,STT_TT,3,63,3.150000000000091,wav16k/STT_TT00202_01123.000-01126.150.wav,ཕྱིན་བྱས། དགའ་ལྡན་ཡི་གེ་ཆོས་འཛིན་ལ་དོབ་དོ ཐོབ་ཟེ་ཟག་སོང་བསམ་བསམ།
STT_TT00202_01126.850-01127.900,འོ་དེ་འདྲ་བསམ་བློ་གཏང་དགོས་ཀི་ཡོད་རེད།  ,'o de 'dra bsam blo gtang dgos ki yod red/__,https://d38pmlk0v88drf.cloudfront.net/wav16k/STT_TT00202_01126.850-01127.900.wav,STT_TT,3,40,1.050000000000182,wav16k/STT_TT00202_01126.850-01127.900.wav,འོ་དེ་འདྲ་བསམ་བློ་གཏང་དགོས་ཀི་ཡོད་རེད།
STT_TT00202_01133.650-01134.550,འོ་ཡ། ད་འགྲིག་བཞག ,'o ya/_da 'grig bzhag_,https://d38pmlk0v88drf.cloudfront.net/wav16k/STT_TT00202_01133.650-01134.550.wav,STT_TT,3,18,0.8999999999998636,wav16k/STT_TT00202_01133.650-01134.550.wav,འོ་ཡ། ད་འགྲིག་ཤག
STT_TT00202_01135.250-01136.250,འོ་ད། མ་བཞུགས་བཞག་ན། འགྲིག་པ།  ,'o da/_ma bzhugs bzhag na/_'grig pa/__,https://d38pmlk0v88drf.cloudfront.net/wav16k/STT_TT00202_01135.250-01136.250.wav,STT_TT,3,31,1.0,wav16k/STT_TT00202_01135.250-01136.250.wav,འོ་ད།་མར་བཞུགས་བཞག་ན་འགྲིག་པ།
STT_TT00202_01137.200-01141.000,ད་ང་ཚོ། སྤྱོད་འཇུག་གི་དཔེ་ཆ་ཁྲིད་བསྡད་ཡོད་རེད་བ། སྤྱོད་འཇུག་གི་དཔེ་ཆ་འདི། མ་གེ་ལེའུ་བཅུ་བ་ཞིག་ཡོད་བ། སྨོན་ལམ་ཞིག ,da nga tsho/_spyod 'jug gi dpe cha khrid bsdad yod red ba/_spyod 'jug gi dpe cha 'di/_ma ge le'u bcu ba zhig yod ba/_smon lam zhig_,https://d38pmlk0v88drf.cloudfront.net/wav16k/STT_TT00202_01137.200-01141.000.wav,STT_TT,3,113,3.7999999999999545,wav16k/STT_TT00202_01137.200-01141.000.wav,ད་ང་ཚོ་སྤྱོད་འཇུག་གི་དཔེ་ཆ་འཁྱེར་བསྡད་ཡོད་རེད་བ། སྤྱོད་འཇུག་གི་དཔེ་ཆ་དེ། མ་གི་ལེའུ་བཅུ་པ་ཞིག་ཡོད་བ། སྨོན་ལམ་ཅིག
STT_TT00202_01141.750-01142.900,འོ་འདི། འདོན་གི་ཡིན་དཱ།  ,'o 'di/_'don gi yin dA/__,https://d38pmlk0v88drf.cloudfront.net/wav16k/STT_TT00202_01141.750-01142.900.wav,STT_TT,3,25,1.150000000000091,wav16k/STT_TT00202_01141.750-01142.900.wav,འོ་ད་ཅིག་འདོན་གི་ཡིན་དཱ།
STT_TT00202_01143.300-01144.250,གང་ག་འདི། གཟིགས་ཤོག་ཨ།  ,gang ga 'di/_gzigs shog a/__,https://d38pmlk0v88drf.cloudfront.net/wav16k/STT_TT00202_01143.300-01144.250.wav,STT_TT,3,24,0.9500000000000456,wav16k/STT_TT00202_01143.300-01144.250.wav,གང་གས་འདི་གཟིགས་ཤོག་ཨ།
STT_TT00203_00053.300-00055.300,ད་དེ་འདྲ་རང་ད། གང་ཤེས་དཱ། ཨ་ལས། ད་ལྟ་ང་ཚོ་དེ།  ,da de 'dra rang da/_gang shes dA/_a las/_da lta nga tsho de/__,https://d38pmlk0v88drf.cloudfront.net/wav16k/STT_TT00203_00053.300-00055.300.wav,STT_TT,3,47,2.0,wav16k/STT_TT00203_00053.300-00055.300.wav,ད་དེ་འདྲ་རང་ད་གང་ཤེས་ད། ཨ་ལེ། ད་ལྟ་ང་ཚོ་དེ།
STT_TT00203_00055.650-00056.400,ཉི་མ་བཅུ་འདི་རིང་།  ,nyi ma bcu 'di ring /__,https://d38pmlk0v88drf.cloudfront.net/wav16k/STT_TT00203_00055.650-00056.400.wav,STT_TT,3,20,0.75,wav16k/STT_TT00203_00055.650-00056.400.wav,ཉི་མ་བཅུ་འདིའི་རིང་ག
STT_TT00203_00056.750-00058.950,དངོས་གནས་དལ་འབྱོར་ལུས་རྟེན་རེ་རེ་བྱས་ནས། ཐག་གཙང་མ་བཅད་ཆོག་གི་རེད།  ,dngos gnas dal 'byor lus rten re re byas nas/_thag gtsang ma bcad chog gi red/__,https://d38pmlk0v88drf.cloudfront.net/wav16k/STT_TT00203_00056.750-00058.950.wav,STT_TT,3,67,2.200000000000003,wav16k/STT_TT00203_00056.750-00058.950.wav,དངོས་གནས་དལ་འབྱོར་གི་ལུས་རྟེན་རེད་བྱས་ནས། ཐག་གཙང་མ་བྱད་ཆོག་གི་ར
STT_TT00203_00059.100-00060.950,དལ་འབྱོར་གི་ལུས་རྟེན་རེ་རེ་བྱས་ནས། ཐག་གཙང་མ་བཅད་ཆོག་གི་རེད།  ,dal 'byor gi lus rten re re byas nas/_thag gtsang ma bcad chog gi red/__,https://d38pmlk0v88drf.cloudfront.net/wav16k/STT_TT00203_00059.100-00060.950.wav,STT_TT,3,61,1.8500000000000008,wav16k/STT_TT00203_00059.100-00060.950.wav,དལ་འབྱོར་གི་ལུས་རྟེན་རེད་བྱས་ནས། ཐག་གཙང་མ་བྱད་ཆོག་གི་ར
STT_TT00203_00062.050-00063.450,དལ་འབྱོར་ལབ་ཡོང་དུས་དེ་བ།  ,dal 'byor lab yong dus de ba/__,https://d38pmlk0v88drf.cloudfront.net/wav16k/STT_TT00203_00062.050-00063.450.wav,STT_TT,3,27,1.4000000000000057,wav16k/STT_TT00203_00062.050-00063.450.wav,ཨ་འབྱོར་ཟེ་ལབ་ཡོང་དུས་དེ་བ།
STT_TT00203_00063.900-00064.400,དམ་པའི་ཆོས།  ,dam pa'i chos/__,https://d38pmlk0v88drf.cloudfront.net/wav16k/STT_TT00203_00063.900-00064.400.wav,STT_TT,3,13,0.5000000000000071,wav16k/STT_TT00203_00063.900-00064.400.wav,དམ་པའི་ཆོས་
STT_TT00203_00064.900-00065.900,དལ་དལ། ལྷོད་ལྷོད་ཞིག་སྒོ་ནས།  ,dal dal/_lhod lhod zhig sgo nas/__,https://d38pmlk0v88drf.cloudfront.net/wav16k/STT_TT00203_00064.900-00065.900.wav,STT_TT,3,30,1.0,wav16k/STT_TT00203_00064.900-00065.900.wav,དད་དལ་ལྷོད་ལྷོད་ཅིག་སྒོ་ནས།
STT_TT00203_00066.300-00069.000,བྱེད་ཡ་ཡོད་པ་ཞིག་དཱ། ཨེ་ནས། ཆོས་བྱེད་ཡ་གི་ཆ་རྐྱེན་འདི་གས་གང་ག ,byed ya yod pa zhig dA/_e nas/_chos byed ya gi cha rkyen 'di gas gang ga_,https://d38pmlk0v88drf.cloudfront.net/wav16k/STT_TT00203_00066.300-00069.000.wav,STT_TT,3,62,2.700000000000003,wav16k/STT_TT00203_00066.300-00069.000.wav,བྱེད་ཡ་ཡོད་པ་ཅིག་དང་། ཨེ་ནས།་ཆོས་བྱེད་ཡ་གི་ཆ་རྐྱེན་དེ་གས་གང་ག
STT_TT00203_00069.400-00070.900,ཆ ཚང་ཞིག འབྱོར་བསྡད་ངེ་། ཚང་བསྡད་ངེ་།  ,cha_tshang zhig_'byor bsdad nge /_tshang bsdad nge /__,https://d38pmlk0v88drf.cloudfront.net/wav16k/STT_TT00203_00069.400-00070.900.wav,STT_TT,3,39,1.5,wav16k/STT_TT00203_00069.400-00070.900.wav,ཆ་ཚང་ཅིག་འབྱོར་སྡོད་ངེ། ཚང་སྡོད་ངེ།
STT_TT00203_00071.300-00073.900,ད་དེ་འདྲ་གི་དུས་ཚད་ཟེར་ནའང་འདྲ། དེ་འདྲ་གི་ལུས་རྟེན་ཞིག ད་ལྟ་ང་ཚོ་བླངས་བསྡད།  ,da de 'dra gi dus tshad zer na'ang 'dra/_de 'dra gi lus rten zhig_da lta nga tsho blangs bsdad/__,https://d38pmlk0v88drf.cloudfront.net/wav16k/STT_TT00203_00071.300-00073.900.wav,STT_TT,3,77,2.6000000000000085,wav16k/STT_TT00203_00071.300-00073.900.wav,ད་དེ་འདྲ་གི་དུས་ཚོད་ཟེར་ནའང་འདྲ། དེ་འདྲ་གི་ལུས་རྟེན་ཅིག ད་ལྟ་ང་ཚོ་བླངས་སད།
STT_TT00203_00074.650-00076.850,ཕྱོགས་གཅིག་ནས། ང་རང་ཚོ་དལ་འབྱོར་གི་ལུས་རྟེན་ཞིག་ཐོབ། གཉིས་ནས།  ,phyogs gcig nas/_nga rang tsho dal 'byor gi lus rten zhig thob/_gnyis nas/__,https://d38pmlk0v88drf.cloudfront.net/wav16k/STT_TT00203_00074.650-00076.850.wav,STT_TT,3,63,2.1999999999999886,wav16k/STT_TT00203_00074.650-00076.850.wav,ཕྱོགས་གཅིག་ནས། ང་རང་ཚོ་དལ་འབྱོར་གི་ལུས་རྟེན་ཞིག་ཐོབ། གཉིས་ནས།
STT_TT00203_00077.300-00077.900,རྒྱལ་བའི་བསྟན་པ་དཱ།  ,rgyal ba'i bstan pa dA/__,https://d38pmlk0v88drf.cloudfront.net/wav16k/STT_TT00203_00077.300-00077.900.wav,STT_TT,3,21,0.6000000000000085,wav16k/STT_TT00203_00077.300-00077.900.wav,རྒལ་བའི་བསྟན་པ་དང།
STT_TT00203_00078.050-00081.400,ང་ཚོ་དལ་འབྱོར་གི་ལུས་རྟེན་ཐོབ་ནས། བོད་གངས་ཅན་གི་ལྗོངས་ཀི་སྐྱེས་ཡིན་པའི་ཁ་ཐུག་གི་དུས་ཚོད།  ,nga tsho dal 'byor gi lus rten thob nas/_bod gangs can gi ljongs ki skyes yin pa'i kha thug gi dus tshod/__,https://d38pmlk0v88drf.cloudfront.net/wav16k/STT_TT00203_00078.050-00081.400.wav,STT_TT,3,90,3.3500000000000085,wav16k/STT_TT00203_00078.050-00081.400.wav,ང་ཚོ་དལ་འབྱོར་གི་ལུས་རྟེན་ཐོབ་ནས། བོད་གངས་ཅན་གི་ལྗོངས་ལ་སྐྱེས་ཡོང་པའི་ཁ་ཐུག་གི་དུས་ཚོད།
STT_TT00203_00081.900-00084.100,སངས་རྒྱས་ཀི་བསྟན་པ་དཔེ། ཉམས་ཆག་ཞེ་བོ་ཞིག་ཕྱིན།  ,sangs rgyas ki bstan pa dpe/_nyams chag zhe bo zhig phyin/__,https://d38pmlk0v88drf.cloudfront.net/wav16k/STT_TT00203_00081.900-00084.100.wav,STT_TT,3,48,2.1999999999999886,wav16k/STT_TT00203_00081.900-00084.100.wav,སངས་རྒྱས་ཀི་བསྟན་པ་དཔེ་ཉམས་ཆག་ཞེ་བོ་ཅིག་ཕྱིན།
STT_TT00203_00084.400-00087.800,གྲྭ་བ། ཨེ་ནེ་ཟེར་ཡ་འདི་ད། མིག་གིས་མཐོང་ཡ་མེད་བསྡད་རྒྱོ་གི དེ་འདྲ་གི་དུས་ཚོད། ཅིག་ནང་ལ། ང་ཚོ་སྐྱེས་བསྡད་པ་ཟོལ།  ,grwa ba/_e ne zer ya 'di da/_mig gis mthong ya med bsdad rgyo gi_de 'dra gi dus tshod/_cig nang la/_nga tsho skyes bsdad pa zol/__,https://d38pmlk0v88drf.cloudfront.net/wav16k/STT_TT00203_00084.400-00087.800.wav,STT_TT,3,111,3.3999999999999915,wav16k/STT_TT00203_00084.400-00087.800.wav,གྲྭ་བ་ཨ་ནེ་ཟེར་ཡ་འདི་ད། མིག་གིས་མཐོང་ཡ་མེད་བསྡད་རྒྱོ་གི་དེ་འདྲ་གི་དུས་ཚོད་ཅིག་ནང་ལ་ང་ཚོ་སྐྱེས་བསྡད་ཡོད་རེད་བ་ཟེར་ན།
STT_TT00203_00088.050-00088.950,དེ་འདྲ་རང་སྐྱེས་བསྡད་ཡོད་མ།  ,de 'dra rang skyes bsdad yod ma/__,https://d38pmlk0v88drf.cloudfront.net/wav16k/STT_TT00203_00088.050-00088.950.wav,STT_TT,3,29,0.9000000000000057,wav16k/STT_TT00203_00088.050-00088.950.wav,དེ་འདྲ་རང་སྐྱེས་བསྡད་ཡོད།
STT_TT00203_00089.500-00092.150,དཔེར་ན། ང་ཚོ། རིག་གནས་གསར་རྗེས་ཟོལ་འདྲ་ཞིག་བྱས། དགོན་པ་མ་གཏོར་བསྡད།  ,dper na/_nga tsho/_rig gnas gsar rjes zol 'dra zhig byas/_dgon pa ma gtor bsdad/__,https://d38pmlk0v88drf.cloudfront.net/wav16k/STT_TT00203_00089.500-00092.150.wav,STT_TT,3,69,2.6500000000000057,wav16k/STT_TT00203_00089.500-00092.150.wav,དཔེར་ན། ང་ཚོ་རིག་གནས་གསར་བརྗེའི་ཟོལ་ྱས། ཅིག དགོན་པ་མར་གཏོར་སྡོད་ས།
STT_TT00203_00092.550-00095.850,གྲྭ་བ་ཨ་ནེ། མ་མེད་པ་བཟོས་བསྡད་སའི། དེ་འདྲ་གི་གནས་སྐབས་ཞིག་ལ་ཡ། ང་ཚོ་སྐྱེ་སོང་ན།  ,grwa ba a ne/_ma med pa bzos bsdad sa'i/_de 'dra gi gnas skabs zhig la ya/_nga tsho skye song na/__,https://d38pmlk0v88drf.cloudfront.net/wav16k/STT_TT00203_00092.550-00095.850.wav,STT_TT,3,81,3.299999999999997,wav16k/STT_TT00203_00092.550-00095.850.wav,གྲྭ་བ་ཨ་ནེ་མར་མེད་པ་བཟོས་སྡོད་ས། དེ་འདྲ་གི་གནས་སྐབས་ཅིག་ལ་ཡ། ང་ཚོ་སྐྱེས་སོང་ན།
STT_TT00203_00096.000-00099.900,ད་སོ་སོས་ངོས་ནས། ཆོས་བྱེད་འདོད་ཞེ་བོ་ཞིག་ལངས་པ་ཡིན་ན་ལས། སྤྱི་ཡོངས་ཀི་ལུང་པ་ཁོ།  ,da so sos ngos nas/_chos byed 'dod zhe bo zhig langs pa yin na las/_spyi yongs ki lung pa kho/__,https://d38pmlk0v88drf.cloudfront.net/wav16k/STT_TT00203_00096.000-00099.900.wav,STT_TT,3,81,3.9000000000000057,wav16k/STT_TT00203_00096.000-00099.900.wav,ད་སོ་སོའི་ངོས་ནས།་ཆོས་བྱེད་འདོད་ཞེ་བོ་ཞིག་ལངས་ཡ་ད་ན་ལས། སྤྱི་ཡོངས་ཀི་ལུང་པ་ཁོ།
STT_TT00203_00100.300-00101.700,རྒྱལ་ཁབ་ཁོ་རང་། དེ་འདྲ་ཞིག་ཆགས་ཚར་ཙང་།  ,rgyal khab kho rang /_de 'dra zhig chags tshar tsang /__,https://d38pmlk0v88drf.cloudfront.net/wav16k/STT_TT00203_00100.300-00101.700.wav,STT_TT,3,40,1.4000000000000057,wav16k/STT_TT00203_00100.300-00101.700.wav,རྒྱན་ཁ་ཁོ་རང་དེ་འདྲ་ཞིག་ཆགས་ཚར་ཙང་།
STT_TT00202_00562.450-00575.000,བསྐྱེད་བགྱི་ཤིང་། བྱང་ཆུབ་སེམས་པའི་བསླབ་པ་ལ། རིམ་པ་བཞིན་དུ་བསླབ་པར་བགྱི། འོ་ཡ་འདི་ལན་དང་པོ་དེ་བྱེད། ལན་གཉིས་པ་འདི་ཡི་ཀྱང་རྗེས་ཟློས་མཛད་པ་ ,bskyed bgyi shing /_byang chub sems pa'i bslab pa la/_rim pa bzhin du bslab par bgyi/_'o ya 'di lan dang po de byed/_lan gnyis pa 'di yi kyang rjes zlos mdzad pa _,https://d38pmlk0v88drf.cloudfront.net/wav16k/STT_TT00202_00562.450-00575.000.wav,STT_TT,3,138,12.549999999999956,wav16k/STT_TT00202_00562.450-00575.000.wav,སྐྱེ་བགྱི་ཤིང་།བྱང་ཆུབ་སེམས་དཔའི་བསླབ་པ་ལ། རིམ་པ་བཞིན་དུ་སླ་བར་བགྱི། འོ་ཡ་འདི་ལན་དང་པོ་འདི་བྱས། ལན་གཉིས་པ་འདི་ཡིས་ཀྱང་རྗེས་ཟློས་མཛད་པར།
STT_TT00202_00575.300-00575.900,ཞུའོ་ ,zhu'o _,https://d38pmlk0v88drf.cloudfront.net/wav16k/STT_TT00202_00575.300-00575.900.wav,STT_TT,3,6,0.6000000000000227,wav16k/STT_TT00202_00575.300-00575.900.wav,ཞུ།
STT_TT00202_00577.050-00589.600,བླ་མ་རྒྱལ་བ་སྲས་བཅས་རྣམས། བདག་ལ་དགོངས་པར་མཛད་དུ་གསོལ། ཇི་ལྟར་སྔོན་གྱི་བདེ་གཤེགས་ཀྱི། བྱང་ཆུབ་ཐུགས་ནི་བསྐྱེད་པ་དང་།  ,bla ma rgyal ba sras bcas rnams/_bdag la dgongs par mdzad du gsol/_ji ltar sngon gyi bde gshegs kyi/_byang chub thugs ni bskyed pa dang /__,https://d38pmlk0v88drf.cloudfront.net/wav16k/STT_TT00202_00577.050-00589.600.wav,STT_TT,3,116,12.550000000000068,wav16k/STT_TT00202_00577.050-00589.600.wav,བླ་མ་རྒྱལ་བ་སྲས་བཅས་རྣམས། བདག་ལ་དགོངས་པར་མཛད་དུ་གསོལ། ཇི་ལྟར་སྔོན་གྱི་བདེ་གཤེགས་ཀྱིས། བྱང་ཆུབ་ཐུགས་ནི་བསྐྱེས་པ་དང་།
STT_TT00202_00589.600-00602.150,བྱང་ཆུབ་སེམས་པའི་བསླབ་པ་ལ། དེ་དག་རིམ་བཞིན་གནས་པ་ལྟར། བདག་ཀྱང་འགྲོ་ལ་ཕན་དོན་དུ། བྱང་ཆུབ་ ,byang chub sems pa'i bslab pa la/_de dag rim bzhin gnas pa ltar/_bdag kyang 'gro la phan don du/_byang chub _,https://d38pmlk0v88drf.cloudfront.net/wav16k/STT_TT00202_00589.600-00602.150.wav,STT_TT,3,88,12.549999999999956,wav16k/STT_TT00202_00589.600-00602.150.wav,བྱང་ཆུབ་སེམས་དཔའི་བསླབ་པ་ལ། དེ་དག་རིམ་བཞིན་གནས་པ་ལྟར། བདག་ཀྱང་འགྲོ་ལ་ཕན་དོན་དུ། བྱང་ཆུབ་
STT_TT00202_00628.400-00629.100,འདི་ཞི་པོ་ཅིག་ཡོང་བསྡད་ཀི་ཡོད་རེད ,'di zhi po cig yong bsdad ki yod red_,https://d38pmlk0v88drf.cloudfront.net/wav16k/STT_TT00202_00628.400-00629.100.wav,STT_TT,3,34,0.7000000000000455,wav16k/STT_TT00202_00628.400-00629.100.wav,དེ་འ་ཡོང་བྡད་ཀི་ོད་རེ།
STT_TT00202_00619.400-00621.850,ཨི་ནས་དེ་མཉམ་དུ་ངའི་རྒྱུད་ལ་བྱང་ཆུབ་གི་སེམས་གི་སྡོམ་པ་སྐྱེ་སོང་བསམ།  ,i nas de mnyam du nga'i rgyud la byang chub gi sems gi sdom pa skye song bsam/__,https://d38pmlk0v88drf.cloudfront.net/wav16k/STT_TT00202_00619.400-00621.850.wav,STT_TT,3,69,2.450000000000045,wav16k/STT_TT00202_00619.400-00621.850.wav,ཨ། དེ་དང་མཉམ་དུ་ངའི་རྒྱུད་ལ་བྱང་ཆུབ་ཀི་སེམས་ཀི་སྡོམ་པ་བསྐྱེད་སོང་བསམ།
STT_TT00202_00615.400-00618.550,མི་གས་རྫོགས་འགྲོ་དུས། རིམ་པ་བཞིན་དུ་བསླབ་པར་བགྱི་ཟེར་དུས་ངས་ཡ་གདངས་རིང་རུ་བཏང་གི་ཡིན་ད།  ,mi gas rdzogs 'gro dus/_rim pa bzhin du bslab par bgyi zer dus ngas ya gdangs ring ru btang gi yin da/__,https://d38pmlk0v88drf.cloudfront.net/wav16k/STT_TT00202_00615.400-00618.550.wav,STT_TT,3,89,3.1499999999999773,wav16k/STT_TT00202_00615.400-00618.550.wav,མ་གི་རྫོགས་འགྲོ་དུས། རིམ་པ་བཞིན་དུ་བསླབ་པར་བགྱི། ཟེར་དུས། ངས་ཡར་བདག་གི་རིང་རུ་གཏང་གི་ཡིན་ད།
STT_TT00203_00132.150-00133.550,སེ་འབྲས་དགེ་གསུམ་གི་དཔེ་ཆ་བ་ལས།  ,se 'bras dge gsum gi dpe cha ba las/__,https://d38pmlk0v88drf.cloudfront.net/wav16k/STT_TT00203_00132.150-00133.550.wav,STT_TT,3,33,1.4000000000000057,wav16k/STT_TT00203_00132.150-00133.550.wav,སེ་འབྲས་དགེ་གསུམ་གི་དཔེ་ཆ་ར།
STT_TT00203_00139.500-00140.550,དེ་འདྲས་གི་ཅིག་ཆུ་ཚད།  ,de 'dras gi cig chu tshad/__,https://d38pmlk0v88drf.cloudfront.net/wav16k/STT_TT00203_00139.500-00140.550.wav,STT_TT,3,23,1.0500000000000114,wav16k/STT_TT00203_00139.500-00140.550.wav,དེ་འདྲ་གི་ཅིག་ཆུ་ཚད།
STT_TT00202_00602.150-00614.700,བྱང་ཆུབ་སེམས་ནི་བསྐྱེད་བགྱི་ཤིང་། བྱང་ཆུབ་སེམས་པའི་བསླབ་པ་ལ། རིམ་པ་བཞིན་དུ་བསླབ་པར་བགྱི། འོ་འདི་ཚར་གཉིས་པ་བྱེད། ད་ཚར་གསུམ་པ་དེ་ཁ་ཐུག་ལ་ཡ།  ,byang chub sems ni bskyed bgyi shing /_byang chub sems pa'i bslab pa la/_rim pa bzhin du bslab par bgyi/_'o 'di tshar gnyis pa byed/_da tshar gsum pa de kha thug la ya/__,https://d38pmlk0v88drf.cloudfront.net/wav16k/STT_TT00202_00602.150-00614.700.wav,STT_TT,3,139,12.550000000000068,wav16k/STT_TT00202_00602.150-00614.700.wav,བྱང་ཆུབ་སེམས་ནས་བསྐྱེད་བགྱི་ཤིང་།བྱང་ཆུབ་སེམས་དཔའི་བསླབ་པ་ལ།རིམ་པ་བཞིན་དུ་སླ་བར་བགྱི། འོ་འདི་ཚར་གཉིས་པ་བྱས། ད་ཚར་གསུམ་པོ་དེའི་ཁ་ཐུག་ལ་ཡ།
STT_TT00202_00622.650-00624.200,ག་ཚད་དགོས་དགོས་ད་མ་གཞི་ན་ནིང་ང་ཚོ།  ,ga tshad dgos dgos da ma gzhi na ning nga tsho/__,https://d38pmlk0v88drf.cloudfront.net/wav16k/STT_TT00202_00622.650-00624.200.wav,STT_TT,3,36,1.5500000000000682,wav16k/STT_TT00202_00622.650-00624.200.wav,དགའ་ཚོར་སྒོམ་དགོསད། ད་མ་གཞི་ད་གིན་ང་ཚོ།
STT_TT00202_00624.950-00627.650,ཕྱིན་ཡང་ཕྱིན་པ་རེད། ད་དེ་ཁོ་སྡོམ་པ་བརྟན་རུ་འགྲོ་སླེན་སྒྱོ་སླེན་སྒྱོ་བརྒྱབ་ན།  ,phyin yang phyin pa red/_da de kho sdom pa brtan ru 'gro slen sgyo slen sgyo brgyab na/__,https://d38pmlk0v88drf.cloudfront.net/wav16k/STT_TT00202_00624.950-00627.650.wav,STT_TT,3,78,2.699999999999932,wav16k/STT_TT00202_00624.950-00627.650.wav,དི་བྱིད་ཡ་ཕྱིན་པ་རེད། ད་འདི་ཁོ་སྡོམ་པ་བསྟན་ར་འགྲོ་ཡ། ལེན་སྐྱོ་ལེན་རྒྱོ་བརྒྱབ་ན།
STT_TT00203_00147.500-00148.550,ད་ལྟ་གང་ལ་གང་འཚམ་གི་ཅིག་ ,da lta gang la gang 'tsham gi cig _,https://d38pmlk0v88drf.cloudfront.net/wav16k/STT_TT00203_00147.500-00148.550.wav,STT_TT,3,25,1.0500000000000114,wav16k/STT_TT00203_00147.500-00148.550.wav,ད་ལྟ་གང་ལ་གང་འཚམ་གི་ཅིག
STT_TT00203_00140.950-00143.750,དེ་འདྲས་གི་རྟོགས་པ་ཡོན་ཏན་བར་དུ་སླེབས་བསྡད་ཡོད་རེད་འེ་ཟེར་ན། དེ་འདྲས་རང་དང་སླེབས་བསྡད་ཡོད་མ་རེད།  ,de 'dras gi rtogs pa yon tan bar du slebs bsdad yod red 'e zer na/_de 'dras rang dang slebs bsdad yod ma red/__,https://d38pmlk0v88drf.cloudfront.net/wav16k/STT_TT00203_00140.950-00143.750.wav,STT_TT,3,98,2.800000000000012,wav16k/STT_TT00203_00140.950-00143.750.wav,དེ་འདྲ་གི་རྟོགས་པ་ཡོན་ཏན་བར་དུ་སླེབས་བསྡད་ཡོད་རེད་པ་ཟེར་ན། དེ་འདྲ་རང་ད་སླེབ་བསྡད་ཡོད་མ་རེད།
STT_TT00202_00629.950-00642.333,བླ་མ་རྒྱལ་བ་སྲས་བཅས་རྣམས། བདག་ལ་དགོངས་པར་མཛད་དུ་གསོལ། ཇི་ལྟར་སྔོན་གྱི་བདེ་གཤེགས་ཀྱི། བྱང་ཆུབ་ཐུགས་ནི་བསྐྱེད་པ་དང་།  ,bla ma rgyal ba sras bcas rnams/_bdag la dgongs par mdzad du gsol/_ji ltar sngon gyi bde gshegs kyi/_byang chub thugs ni bskyed pa dang /__,https://d38pmlk0v88drf.cloudfront.net/wav16k/STT_TT00202_00629.950-00642.333.wav,STT_TT,3,116,12.382999999999925,wav16k/STT_TT00202_00629.950-00642.333.wav,བླ་མ་རྒྱལ་བ་སྲས་བཅས་རྣམས།བདག་ལ་དགོངས་པར་མཛད་དུ་གསོལ། ཇི་ལྟར་སྔོན་གྱི་བདེ་གཤེགས་ཀྱིས། བྱང་ཆུབ་ཐུགས་ནི་བསྐྱེ་པ་དང་།
STT_TT00203_00148.900-00150.150,ཆོས་ལུགས་གི་ཐོག་ལ་མགོ་ཚོས་ཉེན་ཅིག་ ,chos lugs gi thog la mgo tshos nyen cig _,https://d38pmlk0v88drf.cloudfront.net/wav16k/STT_TT00203_00148.900-00150.150.wav,STT_TT,3,35,1.25,wav16k/STT_TT00203_00148.900-00150.150.wav,ཆོས་ལུགས་ཀི་ཐོག་ལ་མགོ་འཚོད་ངེ་འདྲ་ཞིག
STT_TT00203_00150.300-00151.250,ཆོས་ལུགས་གི་ཐོག་ལ་ཤེས་ཉེན།  ,chos lugs gi thog la shes nyen/__,https://d38pmlk0v88drf.cloudfront.net/wav16k/STT_TT00203_00150.300-00151.250.wav,STT_TT,3,28,0.9499999999999886,wav16k/STT_TT00203_00150.300-00151.250.wav,ཆོས་ལུགས་ཀི་ཐོག་ལ་ཤེས་ངེ་།
STT_TT00203_00144.100-00147.250,གང་ལྟར་སྔ་མོ་ང་ཚོ་ཅིག་ཚེ་སྟོད་གི་མི་དེ་དང་ཚུར་བསྡུར་ཡོང་པའི་ཁ་ཐུག་ལ་ཡ།  ,gang ltar snga mo nga tsho cig tshe stod gi mi de dang tshur bsdur yong pa'i kha thug la ya/__,https://d38pmlk0v88drf.cloudfront.net/wav16k/STT_TT00203_00144.100-00147.250.wav,STT_TT,3,72,3.1500000000000057,wav16k/STT_TT00203_00144.100-00147.250.wav,གང་ལྟར་སྔ་མོ་ང་ཚོ་ཅིག ཚེ་སྟོད་ཀི་མི་འདི་དང་། ཚུར་བསྡུར་ཡོང་པའི་ཁ་ཐུག་ལ་ཡ།
STT_TT00203_00151.950-00154.250,ཨོ་ཙམ་འདྲ་ཅིག་ཆགས་བསྡད་ཡོད་རེད་བྱས་ནས། ང་ཚོ་ཕལ་ཆེར་ལབ་ཆོག་གི་ཡོད་རེད།  ,o tsam 'dra cig chags bsdad yod red byas nas/_nga tsho phal cher lab chog gi yod red/__,https://d38pmlk0v88drf.cloudfront.net/wav16k/STT_TT00203_00151.950-00154.250.wav,STT_TT,3,71,2.300000000000012,wav16k/STT_TT00203_00151.950-00154.250.wav,ཨོ་ཙི་འདྲ་ཞིག་ཆགས་བསྡད་ཡོད་རེད་བྱས་ནས། ང་ཚོ་ཕལ་ཆེར་ལབ་ཆོག་གི་ཡོད་རེད།
STT_TT00203_00159.500-00161.500,སྔ་མོ་ཡིན་ན་ང་ཚེ་སྟོད་ལ་ཡ་ག་གེ་ཅིག་ཤེས་གི་མེད་སི།  ,snga mo yin na nga tshe stod la ya ga ge cig shes gi med si/__,https://d38pmlk0v88drf.cloudfront.net/wav16k/STT_TT00203_00159.500-00161.500.wav,STT_TT,3,51,2.0,wav16k/STT_TT00203_00159.500-00161.500.wav,སྔ་མོ་ཡིན་ན། ང་ཚེ་སྟོད་ལ་ཡ་ག་གེ་ཤེས་ཀི་མེད་ཟེ།
STT_TT00203_00154.750-00159.000,ང་རང་ཚོ་མི་རེ་ངོ་རེ་བསམ་བློའི་ནང་ལ་མར་བལྟས་བསྡད་ཡོད་ན་ལི། ད་ང་དགའ་རོ་ཅིག་ཡིན་བསམ་བསམ་ཕལ་ཆེར་གང་ག་ཡོད་མདོག་ཁ་པོ་རེད་བ།  ,nga rang tsho mi re ngo re bsam blo'i nang la mar bltas bsdad yod na li/_da nga dga' ro cig yin bsam bsam phal cher gang ga yod mdog kha po red ba/__,https://d38pmlk0v88drf.cloudfront.net/wav16k/STT_TT00203_00154.750-00159.000.wav,STT_TT,3,119,4.25,wav16k/STT_TT00203_00154.750-00159.000.wav,ང་རང་ཚོ་མི་རེ་ངོ་རེི་བསམ་བློའ་ནང་ན།་མ་བལྟས་བསྡད་པ་ཡིན་ན་ལས། ད་ང་དགའ་རོ་ཞིག་ཡིན་བསམ་བསམ་ ཕལ་ཆེར་གང་ག་ཡོད་མདོག་ཁ་པོ་རེད་བ།
STT_TT00202_00642.333-00654.717,བྱང་ཆུབ་སེམས་པའི་བསླབ་པ་ལ། དེ་དག་རིམ་བཞིན་གནས་པ་ལྟར། བདག་ཀྱང་འགྲོ་ལ་ཕན་དོན་དུ། བྱང་ཆུབ་ ,byang chub sems pa'i bslab pa la/_de dag rim bzhin gnas pa ltar/_bdag kyang 'gro la phan don du/_byang chub _,https://d38pmlk0v88drf.cloudfront.net/wav16k/STT_TT00202_00642.333-00654.717.wav,STT_TT,3,88,12.384000000000016,wav16k/STT_TT00202_00642.333-00654.717.wav,བྱང་ཆུབ་སེམས་དཔའི་བསླབ་པ་ལ།དེ་དག་རིམ་བཞིན་གནས་པ་ལྟར། བདག་ཀྱང་འགྲོ་ལ་ཕན་དོན་དུ། བྱང་ཆུབ་
STT_TT00203_00134.150-00139.100,ད་གཞུང་ལ་ཡ་ཁུངས་བཏུག་ནས། ལོ་དང་ཟླ་བ་བྱེད་ནས་དཔེ་ཀ་ལས་བརྒྱབ་བྱས། སྡུག་རུས་བརྒྱབ་ནས་དཔེ་ཆ་ལྟ་ཉེན་ནང་བཞིན།  ,da gzhung la ya khungs btug nas/_lo dang zla ba byed nas dpe ka las brgyab byas/_sdug rus brgyab nas dpe cha lta nyen nang bzhin/__,https://d38pmlk0v88drf.cloudfront.net/wav16k/STT_TT00203_00134.150-00139.100.wav,STT_TT,3,105,4.949999999999989,wav16k/STT_TT00203_00134.150-00139.100.wav,ད་གཞུང་ལ་ཡ།་ཁུངས་བཏུང་ནས། ལོ་དང་ཟླ་བ་བྱས་ནས། དཔེ་དཀའ་ལས་བརྒྱབ་བྱས། སྡུག་རུས་བརྒྱབ་ནས། དཔེ་ཆ་བལྟ་ངེ་ནང་བཞིན།
STT_TT00203_00162.100-00168.800,བྱེད་སྟངས་ག་གེ་ཅིག་ཤེས་གི་མེད། ད་ངས་མ་ནི་འདྲེན་སྟངས་ཤེས་གི་ཡོད། དམིགས་བརྩེ་མ་འགྲོ་སྟངས་ཤེས་གི་ཡོད། ཨི་ནས་ཅིག་གསོ་སྦྱོང་ག་འདྲས་ག་འདྲས་ཟིགནལེན་དགོས་ཡོད་མེད་ཤེས་གི་ཡོད།  ,byed stangs ga ge cig shes gi med/_da ngas ma ni 'dren stangs shes gi yod/_dmigs brtse ma 'gro stangs shes gi yod/_i nas cig gso sbyong ga 'dras ga 'dras ziganalen dgos yod med shes gi yod/__,https://d38pmlk0v88drf.cloudfront.net/wav16k/STT_TT00203_00162.100-00168.800.wav,STT_TT,3,167,6.700000000000017,wav16k/STT_TT00203_00162.100-00168.800.wav,་བྱེད་སྟངས་ག་གེ་ཤེས་ཀི་མེད། ད་ངས་མ་ཎི་འབྲེ་སྟངས་ཤེས་ཀི་ཡོད། དམིགས་བརྩེ་མ་འགྲོ་སྟངས་ཤེས་ཀི་ཡོད། ཨེ་ནས་ཅིག་གསོ་སྦྱོང་ག་འདྲ་ག་འདྲ་སེ་ལེན་དགོས་ཡོད་མེད་ཤེས་ཀི་ཡོད།
STT_TT00203_00169.050-00172.200,མཚམས་སྡོད་སྟངས་དང་། གཉིས་གཉིས་གི་མཚམས་སྡོད་སྟངས་དེ་ཚོ་གང་ག་ངས་གང་ལ་གང་འཚམ་ཤེས་གི་ཡོད།  ,mtshams sdod stangs dang /_gnyis gnyis gi mtshams sdod stangs de tsho gang ga ngas gang la gang 'tsham shes gi yod/__,https://d38pmlk0v88drf.cloudfront.net/wav16k/STT_TT00203_00169.050-00172.200.wav,STT_TT,3,87,3.1499999999999773,wav16k/STT_TT00203_00169.050-00172.200.wav,མཚམས་སྡོད་སྟངས་དང་། གཉིས་གཉིས་གཉིས་ཀི་མཚམས་སྡོད་སྟངས་ དེ་ཚོ་གང་ག ངས་གང་ལ་གང་འཚམ་ཤེས་ཀི་ཡོད།
STT_TT00203_00172.450-00177.200,ཆོས་གི་ནང་དོན་གང་ལ་གང་འཚམ། ད་འདི་ལོ་ཁ་ཤས་གཅིག་གི་རིང་ག་ལ་ཡ། དེ་འདྲས་ཅིག་ཐོག་ནས་ངས་འདི་ཤེས་གི་ཡོད་བསམ་བསམ་ཅིག་ ,chos gi nang don gang la gang 'tsham/_da 'di lo kha shas gcig gi ring ga la ya/_de 'dras cig thog nas ngas 'di shes gi yod bsam bsam cig _,https://d38pmlk0v88drf.cloudfront.net/wav16k/STT_TT00203_00172.450-00177.200.wav,STT_TT,3,110,4.75,wav16k/STT_TT00203_00172.450-00177.200.wav,ཆོས་ཀི་ནང་དོན་གང་ལ་གང་འཚམག ད་དེ་ལོ་ཁ་ཤས་ཅིག་གི་རིང་ག་ཡ། དེ་འདྲ་ཅིག་གི་ཐོག་ནས། ངས་ཏིག་ཙི་ཤེས་ཀི་ཡོད་བསམ་བསམ་ཅིག
STT_TT00203_00177.350-00181.850,ང་ཚོ་བསམ་བློ་ནང་ལ་ཡ་ང་རྒྱལ་ཟེར་ན་མི་འདུག་སྤོབས་པ་ཟེར་ན་མི་འདུག་ དེ་འདྲས་ཅིག་ང་ཚོ་བསམ་བློ་ནང་ལ་ཡོད་ཡོད་རེད་བ།  ,nga tsho bsam blo nang la ya nga rgyal zer na mi 'dug spobs pa zer na mi 'dug _de 'dras cig nga tsho bsam blo nang la yod yod red ba/__,https://d38pmlk0v88drf.cloudfront.net/wav16k/STT_TT00203_00177.350-00181.850.wav,STT_TT,3,110,4.5,wav16k/STT_TT00203_00177.350-00181.850.wav,ང་ཚོའི་བསམ་བློ་ནང་ལ་ཡ། ང་རྒྱལ་ཟེར་ནའང་མི་འདུག སྤོབས་པ་ཟེར་ནའང་མི་འདུག དེ་འདྲ་ཞིག ང་ཚོའི་བསམ་བློི་ནང་ལ་ཡོད་ཡོད་རེད་བ།
STT_TT00203_00182.300-00183.450,ད་དེ་འདྲས་ཅིག་སྒང་ལ་སླེབས་སྡོད་ཡོད།  ,da de 'dras cig sgang la slebs sdod yod/__,https://d38pmlk0v88drf.cloudfront.net/wav16k/STT_TT00203_00182.300-00183.450.wav,STT_TT,3,37,1.1499999999999773,wav16k/STT_TT00203_00182.300-00183.450.wav,ད་དེ་འདྲ་ཞིག་སྒང་ལ་སླེབས་བསྡད་ཡོད།
STT_TT00203_00183.950-00185.400,ད་ག་ནང་བཞིན་བླ་མ་དགེ་བའི་བཤེས་གཉེན།  ,da ga nang bzhin bla ma dge ba'i bshes gnyen/__,https://d38pmlk0v88drf.cloudfront.net/wav16k/STT_TT00203_00183.950-00185.400.wav,STT_TT,3,37,1.450000000000017,wav16k/STT_TT00203_00183.950-00185.400.wav,ད་ག་ནང་བཞིན་བླ་མ་དགེ་བའི་བཤེས་གཉེན།
STT_TT00203_00186.150-00189.900,ང་རང་ཚོ་ཆོས་འབྲེལ་ཡོད་བསྡད་སྒྱོ་གི་ སྐྱབས་རྗེ་ལམ་རིམ་པ་ཟེར་བླ་མ་བསམ་གྱིས་མི་ཁྱབ་པ།  ,nga rang tsho chos 'brel yod bsdad sgyo gi _skyabs rje lam rim pa zer bla ma bsam gyis mi khyab pa/__,https://d38pmlk0v88drf.cloudfront.net/wav16k/STT_TT00203_00186.150-00189.900.wav,STT_TT,3,84,3.75,wav16k/STT_TT00203_00186.150-00189.900.wav,ང་རང་ཚོའི་ཆོས་འབྲེལ་ཡོད་བསྡད་རྒྱོ་གི སླབས་བྱེ་ལམ་རིམ་པ་ཟེ། བླ་མ་བསམ་གྱིས་མི་ཁྱབ་པ།
STT_TT00203_00190.400-00192.900,ད་ཞི་པོ་དེ་འདྲས་ཤེས་གིན་དང་ཡོད་མ་རེད། དངོས་གནས་དཔེ་བོང་གུ་རེད་རེད་བ།  ,da zhi po de 'dras shes gin dang yod ma red/_dngos gnas dpe bong gu red red ba/__,https://d38pmlk0v88drf.cloudfront.net/wav16k/STT_TT00203_00190.400-00192.900.wav,STT_TT,3,70,2.5,wav16k/STT_TT00203_00190.400-00192.900.wav,ད་ཞེ་བོ་དེ་འདྲ་ཤེས་ཀི་ད་ཡོད་མ་རེད། དངོས་གནས་དཔེ་བོང་གུ་འོ་རེས་རང།
STT_TT00203_00193.300-00196.950,ཐབས་ཆག་ཐབས་ནག་རེད་དེ། བླ་མ་དེ་ཅིག་གསུང་གི་མར་གསུངས་ལན་ཟེར་ན་མི་འདུག་ ,thabs chag thabs nag red de/_bla ma de cig gsung gi mar gsungs lan zer na mi 'dug _,https://d38pmlk0v88drf.cloudfront.net/wav16k/STT_TT00203_00193.300-00196.950.wav,STT_TT,3,69,3.649999999999977,wav16k/STT_TT00203_00193.300-00196.950.wav,ཐེབས་ཆག་ཐེབས་ནག་རེད་དེ། བླ་མ་དི་ཅིག་གསུང་གི་མ་གསུང་ལེན་ཟེར་ན་མི་འདུག
STT_TT00203_00197.250-00199.300,བླ་མ་དེ་མར་བསྐུར་བཞག་སྒྱོ་གི་ཡི་གེ་ཟེར་ན་མི་འདུག་ ,bla ma de mar bskur bzhag sgyo gi yi ge zer na mi 'dug _,https://d38pmlk0v88drf.cloudfront.net/wav16k/STT_TT00203_00197.250-00199.300.wav,STT_TT,3,50,2.050000000000012,wav16k/STT_TT00203_00197.250-00199.300.wav,བླ་མ་འདི་མ་བསྐུལ་བཞག་རྒྱོ་གི་ཡི་གེ་ཟེར་ན་མི་འདུག
STT_TT00203_00199.650-00201.250,དེ་འདྲས་གི་མར་བརྡ་སྤྲོད་ཁྱོལ་ཙམ་ཅིག་ ,de 'dras gi mar brda sprod khyol tsam cig _,https://d38pmlk0v88drf.cloudfront.net/wav16k/STT_TT00203_00199.650-00201.250.wav,STT_TT,3,37,1.5999999999999943,wav16k/STT_TT00203_00199.650-00201.250.wav,དེ་འདྲ་གི་མར་བརྡ་སྤྲོད་འཁྱོལ་ཙ་ཙམ་ཅིག
STT_TT00203_00201.500-00203.750,འོ་ད་འདི་འདྲས་ཅིག་གི་ཐོག་ནས་མར་བསྩལ་རྒྱོའི་གོ་སྐབས་ཅིག་ཡ་རག་ ,'o da 'di 'dras cig gi thog nas mar bstsal rgyo'i go skabs cig ya rag _,https://d38pmlk0v88drf.cloudfront.net/wav16k/STT_TT00203_00201.500-00203.750.wav,STT_TT,3,61,2.25,wav16k/STT_TT00203_00201.500-00203.750.wav,འོ་ད། དེ་འདྲ་ཅིག་གི་ཐོག་ནས།་མ་འཛིམ་རྒྱོི་གོ་སྐབས་ཅིག་ཡ་རག
STT_TT00203_00204.200-00208.750,ད་ད་ག་ནང་བཞིན་ང་རང་ཚོ་གང་ག་ལ་ཡ་དཔེར་ན།་འདི་གཞུགས་བསྡད་ཉེན་དགེ་འདུན་པ་རྣམ་པ་ཚོ་ཡིན་ནས་ལི། ཨི་ནས་སོ་སོ་ལ་ཡ་ ,da da ga nang bzhin nga rang tsho gang ga la ya dper na/ 'di gzhugs bsdad nyen dge 'dun pa rnam pa tsho yin nas li/_i nas so so la ya _,https://d38pmlk0v88drf.cloudfront.net/wav16k/STT_TT00203_00204.200-00208.750.wav,STT_TT,3,106,4.550000000000011,wav16k/STT_TT00203_00204.200-00208.750.wav,ད་ད་ག་ནང་བཞིན། ང་རང་ཚོ་གང་ག་ལཡ། དཔེར་ན། དེ་བཞུགས་བསྡད་རྒྱོ དགེ་འདུན་པ་རྣམ་པ་ཚོ་ཡིན་ན་ལས། ཨེ་ནས་མ་སོ་སོ་ལ་ཡ།
STT_TT00203_00209.200-00215.900,ཆོས་གྲོགས་ཨ་ནེ་ཡོད་རེད། ཨ་ནེ་ནང་ཚོ་ཡིན་ན་ང་ཚོ་ཨ་ནེ་ཡོད་རེད། གྲྭ་པ་ནང་ཚག་ཚོ་ཡིན་ན་ཆོས་གྲོགས་གྲྭ་པ་ནང་ཚག་ཡོད་རེད། ད་ག་ནང་བཞིན་ང་ཚོ་སྐྱེ་ཕོ་མོ།  ,chos grogs a ne yod red/_a ne nang tsho yin na nga tsho a ne yod red/_grwa pa nang tshag tsho yin na chos grogs grwa pa nang tshag yod red/_da ga nang bzhin nga tsho skye pho mo/__,https://d38pmlk0v88drf.cloudfront.net/wav16k/STT_TT00203_00209.200-00215.900.wav,STT_TT,3,142,6.700000000000017,wav16k/STT_TT00203_00209.200-00215.900.wav,ཆོས་གྲོགས་ཨ་ནེ་ཡོད་རེད། ཨ་ནེ་ནང་ཚགས་ཚོ་ཡིན་ན། ང་ཚོ་ཨ་ནེ་ཡོད་རེད། གྲྭ་པ་ནང་ཚགས་ཚོ་ཡིན་ན། ང་ཚོ་ཆོས་གྲོགས་གྲྭ་པ་ནང་ཚགས་ཡོད་རེད། ད་ག་ནང་བཞིན་ང་ཚོ་དེ་སྐྱེས་ཕོ་མོ།
STT_TT00203_00218.650-00220.150,ང་ཚོའི་ཆོས་གྲོགས་ཁོང་ཚོའི་ཆོས་གྲོགས།  ,nga tsho'i chos grogs khong tsho'i chos grogs/__,https://d38pmlk0v88drf.cloudfront.net/wav16k/STT_TT00203_00218.650-00220.150.wav,STT_TT,3,38,1.5,wav16k/STT_TT00203_00218.650-00220.150.wav,ང་ཚོའི་ཆོས་གྲོགས། ཁོ་ཚོའི་ཆོས་གྲོགས།
STT_TT00203_00216.300-00218.500,ཨི་ནས་ཆོས་གྲོགས་ཕོ་མོ་ཚོ་ཡིན་པ་ཆ་བཞག་ན་ལི་ད་ག་ནང་བཞིན་གི་ ,i nas chos grogs pho mo tsho yin pa cha bzhag na li da ga nang bzhin gi _,https://d38pmlk0v88drf.cloudfront.net/wav16k/STT_TT00203_00216.300-00218.500.wav,STT_TT,3,58,2.1999999999999886,wav16k/STT_TT00203_00216.300-00218.500.wav,ཨེ་ནས་ཆོས་གྲོགས་ཕོ་མོ་ཚོ་ཡིན་པ་ཆ་བཞག་ན་ལས། ད་ག་ནང་བཞིན་གི
STT_TT00203_00222.900-00223.600,གང་ལྟར་ད་ ,gang ltar da _,https://d38pmlk0v88drf.cloudfront.net/wav16k/STT_TT00203_00222.900-00223.600.wav,STT_TT,3,10,0.6999999999999886,wav16k/STT_TT00203_00222.900-00223.600.wav,གང་ལྟར་ད།
STT_TT00203_00220.350-00222.450,ང་ཚོའི་མ་ནི་ཚོགས་པ་ཁོང་ཚོའི་མ་ནི་ཚོགས་པ་ཟེར་ནི་འདུག་སི་བྱེད།  ,nga tsho'i ma ni tshogs pa khong tsho'i ma ni tshogs pa zer ni 'dug si byed/__,https://d38pmlk0v88drf.cloudfront.net/wav16k/STT_TT00203_00220.350-00222.450.wav,STT_TT,3,62,2.0999999999999943,wav16k/STT_TT00203_00220.350-00222.450.wav,ང་ཚོའི་མ་ནི་ཚོགས་པ། ཁོ་ཚོའི་མ་ནི་ཚོགས་པ་བྱསར་ནས། འདུག་སེ་བྱས།
STT_TT00203_00223.950-00226.850,ང་ཚོ་ཅིག་ཚེ་སྟོད་ལ་མེད་པའི་ཅིག་འགྱུར་བ་གསར་པ་མང་པོ་ཅིག་ ,nga tsho cig tshe stod la med pa'i cig 'gyur ba gsar pa mang po cig _,https://d38pmlk0v88drf.cloudfront.net/wav16k/STT_TT00203_00223.950-00226.850.wav,STT_TT,3,56,2.9000000000000057,wav16k/STT_TT00203_00223.950-00226.850.wav,ང་ཚོ་ཅིག་ཚེ་སྟོད་ལས་མེད་པའི་ཅིག་འགྱུར་བ་གསར་པ་མང་པོ་ཞིག
STT_TT00203_00231.450-00232.500,གནས་སྐོར་ཆོས་གྲོགས་ཟེར་བ་ཅིག་ ,gnas skor chos grogs zer ba cig _,https://d38pmlk0v88drf.cloudfront.net/wav16k/STT_TT00203_00231.450-00232.500.wav,STT_TT,3,30,1.0500000000000114,wav16k/STT_TT00203_00231.450-00232.500.wav,གནས་སྐོར་ཆོས་གྲོགས་ཟེར་ཡ་ཞིག
STT_TT00203_00227.600-00231.300,ཆོས་གྲོགས་ཆོས་གྲོགས་ཟེར་བ་ཅིག་དང་། མ་ནི་ཆོས་གྲོགས་ཟེར་བ་ཅིག་དང་། གསུངས་ཆོས་ཆོས་གྲོགས་ཟེར་བ་གཅིག་ ,chos grogs chos grogs zer ba cig dang /_ma ni chos grogs zer ba cig dang /_gsungs chos chos grogs zer ba gcig _,https://d38pmlk0v88drf.cloudfront.net/wav16k/STT_TT00203_00227.600-00231.300.wav,STT_TT,3,97,3.700000000000017,wav16k/STT_TT00203_00227.600-00231.300.wav,ཆོས་གྲོགས་ཆོས་གྲོགས་ཟེར་ཡ་ཅིག་དང་། མ་ཎིའི་ཆོས་གྲོགས་ཟེར་ཡ་ཅིག་དང་། གསུང་ཆོས་ཆོས་གྲོགས་ཟེར་ཡ་ཅིག
STT_TT00203_00102.000-00104.000,ད་ང་ཚོ། མི་སྒེར་པ། རེ་ཟུང་། རེ་གཅིག་རེ་གཉིས་ཀིས།  ,da nga tsho/_mi sger pa/_re zung /_re gcig re gnyis kis/__,https://d38pmlk0v88drf.cloudfront.net/wav16k/STT_TT00203_00102.000-00104.000.wav,STT_TT,3,50,2.0,wav16k/STT_TT00203_00102.000-00104.000.wav,ད་ང་ཚོ་མི་སྒེར་པ་རེ་ཟུང་རེ་གཅིག་རེ་གཉིས་ཀི
STT_TT00203_00104.400-00106.100,གེ་སྤ་འཁྱེར་ནས། ཕན་ཡ་ག་གེ་ཡོད་མ་རེད་བ།  ,ge spa 'khyer nas/_phan ya ga ge yod ma red ba/__,https://d38pmlk0v88drf.cloudfront.net/wav16k/STT_TT00203_00104.400-00106.100.wav,STT_TT,3,40,1.6999999999999886,wav16k/STT_TT00203_00104.400-00106.100.wav,གེ་སྤོབས་ཁྱེར་ནས། ཕན་ཡ་ག་གེ་ཡོད་མ་རེད་བ།
STT_TT00203_00106.600-00111.400,ད་ད་ལྟའི་གནས་སྐབས་ལ། ང་ཚོས་འདུག་སེ་བལྟས་ཡོང་དུས་དེབ། སྤྱིར་བཏང་ནས། དེ་ཅིག་ད། དུས་ཚོད་སྙིགས་དུས་བྱས་ནས། སྐྱོ་བོ་ཟེར་ཡ་ཟེར་དགོས་རེད་དེ།  ,da da lta'i gnas skabs la/_nga tshos 'dug se bltas yong dus deb/_spyir btang nas/_de cig da/_dus tshod snyigs dus byas nas/_skyo bo zer ya zer dgos red de/__,https://d38pmlk0v88drf.cloudfront.net/wav16k/STT_TT00203_00106.600-00111.400.wav,STT_TT,3,135,4.800000000000011,wav16k/STT_TT00203_00106.600-00111.400.wav,ད་ད་ལྟི་གནས་སྐབས་ལ། ང་ཚོ་འདུག་སེ་བལྟས་ཡོང་དུས་དེ་བ། སྤྱིར་བཏང་ནས་ད་ཅིག་ད་དུས་ཚོད་སཉིགས་དུས་བྱས་ནས། སྐྱོ་བོ་ཟེད་ཟེར་དགོས་རེད་དེ།
STT_TT00203_00111.550-00115.200,ཡིན་ནའང་། ཕྱོགས་གཅིག་ནས། བསམ་བློ་གཏང་ཡོང་དུས་དེ་བ། ད་ལྟ་ང་རང་ཚོ། ཅིག་ཡ་སྐྱེ་ཡོང་ས་དེ།  ,yin na'ang /_phyogs gcig nas/_bsam blo gtang yong dus de ba/_da lta nga rang tsho/_cig ya skye yong sa de/__,https://d38pmlk0v88drf.cloudfront.net/wav16k/STT_TT00203_00111.550-00115.200.wav,STT_TT,3,87,3.6500000000000057,wav16k/STT_TT00203_00111.550-00115.200.wav,ཡིན་ནའ་། ཕྱོགས་གཅིག་ནས་བསམ་བློ་བཏང་ཡོང་དུས་དེ་བ། ད་ལྟ་ང་རང་ཚོ་ཅིག་ཡར་སྐྱེ་ཡོང་ས་དེ།
STT_TT00203_00115.450-00118.250,སེ་འབྲས་དགའ་གསུམ། ད་ག་འཁྲིས་ལ་ཡོད་བསྡད་རྒྱོ་གི བསྙེན་བཀུར་བྱས་ནས་བསྡད་བསྡད་གཞི་དེ་འདྲ་གི ,se 'bras dga' gsum/_da ga 'khris la yod bsdad rgyo gi_bsnyen bkur byas nas bsdad bsdad gzhi de 'dra gi_,https://d38pmlk0v88drf.cloudfront.net/wav16k/STT_TT00203_00115.450-00118.250.wav,STT_TT,3,89,2.799999999999997,wav16k/STT_TT00203_00115.450-00118.250.wav,སེ་འབྲས་དགེ་གསུམ་ད་ག་འཁྲིས་ལ་ཡོད་བསྡད་རྒྱོ་གི བསྙས་བཀུར་བྱས་ནས་བསྡད་བསྡོད་ཤག དེ་འདྲ་གི
STT_TT00203_00118.850-00120.300,ཇོ་བོ་རིན་པོ་ཆེ་ཡོད་སའི། དེ་འདྲ་གི་གདན།  ,jo bo rin po che yod sa'i/_de 'dra gi gdan/__,https://d38pmlk0v88drf.cloudfront.net/wav16k/STT_TT00203_00118.850-00120.300.wav,STT_TT,3,41,1.4500000000000028,wav16k/STT_TT00203_00118.850-00120.300.wav,ཇོ་བོ་རིན་པོ་ཆེ་ཟེར་ཡ། དེ་འདྲ་གི་གདན
STT_TT00203_00120.900-00123.150,ལྷ་ས། ལྷ་ས་ཟེར་ཡ། ད་དེ་འདྲ་གི་དྲིན་ཉེ་འཁོར་ཞིག་ལ་ཡ།  ,lha sa/_lha sa zer ya/_da de 'dra gi drin nye 'khor zhig la ya/__,https://d38pmlk0v88drf.cloudfront.net/wav16k/STT_TT00203_00120.900-00123.150.wav,STT_TT,3,53,2.25,wav16k/STT_TT00203_00120.900-00123.150.wav,ལྷ་ས་ལྷ་ས་ཟེར་ཡ། ད་དེ་འདྲ་གི་འདི་ཉེ་འཁོར་ཅིག་ལ་ཡ།
STT_TT00203_00123.900-00127.950,ཨེ་ནས། སོ་སོས་འཇོན་ན་ནི། གང་ཐུབ་ཅི་ཐུབ་ཀི་ཐོག་ནས། མ་ཎི་དམིགས་བརྩེ་མ་ཡིན་ནའང་འདྲ་འདུག ག་རེ་ཡིན་ན་ལས།  ,e nas/_so sos 'jon na ni/_gang thub ci thub ki thog nas/_ma Ni dmigs brtse ma yin na'ang 'dra 'dug_ga re yin na las/__,https://d38pmlk0v88drf.cloudfront.net/wav16k/STT_TT00203_00123.900-00127.950.wav,STT_TT,3,101,4.049999999999997,wav16k/STT_TT00203_00123.900-00127.950.wav,ཨེ་ནས། སོ་སོས་འཇོན་ན་ནི། གང་ཐུབ་ཅི་ཐུབ་ཀི་ཐོག་ནས། མ་ཎི་དམིགས་བརྩེ་མ་ཡིན་ནའང་འདྲ་འདུག ག་རེ་ཡིན་ན་ལེ།
STT_TT00203_00128.200-00129.700,བྱེད་ཡ་ཡོད་བསྡད་རྒྱོ་གི་གནས་སྟངས་ཞིག་སྒང་ལ་སླེབས་བསྡད་ཡོད་རེད།  ,byed ya yod bsdad rgyo gi gnas stangs zhig sgang la slebs bsdad yod red/__,https://d38pmlk0v88drf.cloudfront.net/wav16k/STT_TT00203_00128.200-00129.700.wav,STT_TT,3,64,1.5,wav16k/STT_TT00203_00128.200-00129.700.wav,བྱེད་ཡ་ཡོད་བསྡད་རྒྱོ་གི་གནས་སང་ཅིག་སྒང་སླེབ་བསྡད་ཡོད་རེད།
STT_TT00203_00130.600-00131.900,ཞེ་བོ་དེ་འདྲ། དཔེ་དངོས་གནས།  ,zhe bo de 'dra/_dpe dngos gnas/__,https://d38pmlk0v88drf.cloudfront.net/wav16k/STT_TT00203_00130.600-00131.900.wav,STT_TT,3,29,1.3000000000000114,wav16k/STT_TT00203_00130.600-00131.900.wav,ཞེ་བོ་དེ་འདྲ།་དཔེ་དངོས་གནས།
STT_TT00203_00232.800-00235.800,དེ་འདྲས་ཅིག་གི་ཐོག་ནས་ང་ཚོ་ཅིག་རོགས་པ་གསར་པ་འདྲ་ཅིག་མང་པོ་ཞི་པོ་ཅིག་ ,de 'dras cig gi thog nas nga tsho cig rogs pa gsar pa 'dra cig mang po zhi po cig _,https://d38pmlk0v88drf.cloudfront.net/wav16k/STT_TT00203_00232.800-00235.800.wav,STT_TT,3,69,3.0,wav16k/STT_TT00203_00232.800-00235.800.wav,དེ་འདྲ་ཅིག་གི་ཐོག་ནས། ང་ཚོ་ཅིག རོགས་པ་གསར་པ་འདྲ་ཅིག་མང་པོ་ཞེ་བོ་ཅིག
STT_TT00203_00237.000-00238.400,ང་ཚོ་བི་ཅུས་བཏུང་རོགས་གི་རོགས་པ།  ,nga tsho bi cus btung rogs gi rogs pa/__,https://d38pmlk0v88drf.cloudfront.net/wav16k/STT_TT00203_00237.000-00238.400.wav,STT_TT,3,34,1.4000000000000057,wav16k/STT_TT00203_00237.000-00238.400.wav,ང་ཚོ་བི་ཅུ་བཏུང་རོགས་ཀི་རོགས་པ།
STT_TT00203_00238.800-00239.750,མ་ཅང་བརྒྱབ་རོགས་གི་རོགས་པ།  ,ma cang brgyab rogs gi rogs pa/__,https://d38pmlk0v88drf.cloudfront.net/wav16k/STT_TT00203_00238.800-00239.750.wav,STT_TT,3,28,0.9499999999999886,wav16k/STT_TT00203_00238.800-00239.750.wav,མ་ཅང་རྒྱབ་རོགས་ཀི་རོགས་པ།
STT_TT00203_00239.950-00242.350,ཐ་མ་འཐེན་རོགས་གི་རོགས་པ། འཁྱམས་རོགས་ཟེར་བ་དང་དེ་འདྲས་མ་ཡིན་པ།  ,tha ma 'then rogs gi rogs pa/_'khyams rogs zer ba dang de 'dras ma yin pa/__,https://d38pmlk0v88drf.cloudfront.net/wav16k/STT_TT00203_00239.950-00242.350.wav,STT_TT,3,63,2.4000000000000057,wav16k/STT_TT00203_00239.950-00242.350.wav,ཐོ་མག་འཐེན་རོགས་ཀི་རོགས་པ། འཁྱམ་རོགས་ཟེར་ཡ་དི། དེ་འདྲ་མ་ཡིན་པ།
STT_TT00203_00242.600-00245.400,མ་ནི་ཆོས་གྲོགས་གསུངས་ཆོས་གི་ཆོས་གྲོགས། གནས་སྐོར་གི་ཆོས་གྲོགས་ཡིན་བྱས།  ,ma ni chos grogs gsungs chos gi chos grogs/_gnas skor gi chos grogs yin byas/__,https://d38pmlk0v88drf.cloudfront.net/wav16k/STT_TT00203_00242.600-00245.400.wav,STT_TT,3,71,2.800000000000012,wav16k/STT_TT00203_00242.600-00245.400.wav,མ་ཎིའི་ཆོས་གྲོགས། གསུང་ཆོས་ཀི་ཆོས་གྲོགས། གནས་སྐོར་གི་ཆོས་གྲོགས་ཡིན་བྱས།
STT_TT00203_00245.750-00247.850,དེ་འདྲས་བྱེད་ཡ་ཅིག་མིང་ཡག་པོ་ཅིག་དང་།  ,de 'dras byed ya cig ming yag po cig dang /__,https://d38pmlk0v88drf.cloudfront.net/wav16k/STT_TT00203_00245.750-00247.850.wav,STT_TT,3,39,2.0999999999999943,wav16k/STT_TT00203_00245.750-00247.850.wav,དེ་འདྲ་ཟེར་ཡ་གི་ཅིག་མིང་ཡག་པོ་ཞིག་དཱ།
STT_TT00203_00248.100-00248.950,མིང་སྙན་པོ་ཅིག་ ,ming snyan po cig _,https://d38pmlk0v88drf.cloudfront.net/wav16k/STT_TT00203_00248.100-00248.950.wav,STT_TT,3,16,0.8499999999999943,wav16k/STT_TT00203_00248.100-00248.950.wav,མིང་སྙན་པོ་ཞིག
STT_TT00203_00249.350-00252.750,ད་ག་ནང་བཞིན་གི་མིང་དེ་ཡང་པེ་ཆོས་གི་ཐོག་ནས་མཐུན་སྡོད་སྒྱོ་གི་དེ་འདྲས་མིང་ཅིག་གི་ཐོག་ནས་བཏགས་བསྡད་ཡ་གི་ ,da ga nang bzhin gi ming de yang pe chos gi thog nas mthun sdod sgyo gi de 'dras ming cig gi thog nas btags bsdad ya gi _,https://d38pmlk0v88drf.cloudfront.net/wav16k/STT_TT00203_00249.350-00252.750.wav,STT_TT,3,102,3.4000000000000057,wav16k/STT_TT00203_00249.350-00252.750.wav,ད་ག་ནང་བཞིན་མིང་དེ་ཡང་།དཔེ་ཆོས་ཀི་ཐོག་ནས།་མཐུན་བསྡད་རྒྱོ་གི དེ་འདྲ་མིང་ཅིག་གི་ཐོག་ནས་བཏགས་སྡད་ཡ་གི
STT_TT00203_00253.100-00254.400,དེ་འདྲས་གནས་སྐབས་ཅིག་གང་ལ་སླེབས་ཡོང་གི་ ,de 'dras gnas skabs cig gang la slebs yong gi _,https://d38pmlk0v88drf.cloudfront.net/wav16k/STT_TT00203_00253.100-00254.400.wav,STT_TT,3,40,1.3000000000000114,wav16k/STT_TT00203_00253.100-00254.400.wav,དེ་འདྲ་གི་གནས་སྐབས་ཅིག་སྒང་ག་སླེབས་ཡོང་གི
STT_TT00203_00255.150-00257.300,དེ་སོང་ཙང་ཚད་ལྡན་བཤེས་དང་ཆོས་མཐུན་གྲོགས་གི་བསྐྱངས།  ,de song tsang tshad ldan bshes dang chos mthun grogs gi bskyangs/__,https://d38pmlk0v88drf.cloudfront.net/wav16k/STT_TT00203_00255.150-00257.300.wav,STT_TT,3,52,2.1500000000000057,wav16k/STT_TT00203_00255.150-00257.300.wav,དེ་སོང་ཙང་། ཚད་ལྡན་བཤེས་དང་ཆོས་མཐུན་གྲོགས་ཀིས་ཀྱང་།
STT_TT00203_00258.200-00260.650,ད་འདི་འདྲས་གི་མཐུན་རྐྱེན་རྟེན་འབྲེལ་འཛོམས་བསྡད་པའི་དུས་ཚོད་ཅིག་ ,da 'di 'dras gi mthun rkyen rten 'brel 'dzoms bsdad pa'i dus tshod cig _,https://d38pmlk0v88drf.cloudfront.net/wav16k/STT_TT00203_00258.200-00260.650.wav,STT_TT,3,64,2.4499999999999886,wav16k/STT_TT00203_00258.200-00260.650.wav,ད་འདེ་འདྲ་གི་མཐུན་རྐྱེན་རྟེན་འབྲེལ་འཛོམས་བསྡད་པའི་དུས་ཚོད་ཅིག
STT_TT00203_00296.750-00298.900,དེ་བས་ཀྱང་བརྒྱ་ཆ་བརྒྱ་ཐམ་པ་ཡོང་ཆོག་ངེ་ཅིག་དང་།  ,de bas kyang brgya cha brgya tham pa yong chog nge cig dang /__,https://d38pmlk0v88drf.cloudfront.net/wav16k/STT_TT00203_00296.750-00298.900.wav,STT_TT,3,48,2.1499999999999773,wav16k/STT_TT00203_00296.750-00298.900.wav,དེ་བས་ཀྱང་བརྒྱ་ཆ་བརྒྱ་ཐམ་པ་ཡོང་ཆོག་ངེ་ཅིག་དང།
STT_TT00203_00299.150-00299.950,ཡོང་དགོས་ངེས་རེད་ ,yong dgos nges red _,https://d38pmlk0v88drf.cloudfront.net/wav16k/STT_TT00203_00299.150-00299.950.wav,STT_TT,3,18,0.8000000000000114,wav16k/STT_TT00203_00299.150-00299.950.wav,ཡོང་དགོས་ངེ་ྲཞིག
STT_TT00203_00261.100-00264.200,ཕལ་ཆེར་ད་དེ་གནས་སྐབས། དེ་འདྲ་གཅིག་པོ་ཅིག་ལ་རེད་བཞག་མ་གཏོགས། ཅིག ,phal cher da de gnas skabs/_de 'dra gcig po cig la red bzhag ma gtogs/_cig_,https://d38pmlk0v88drf.cloudfront.net/wav16k/STT_TT00203_00261.100-00264.200.wav,STT_TT,3,64,3.099999999999966,wav16k/STT_TT00203_00261.100-00264.200.wav,ཕལ་ཆེར།་ད་ལྟའི་གནས་སྐབས་དེ་འདྲ་གཅིག་པོ་ཅིག་ལ་རེད་ཤག་མ་གཏོགས་ཅིག
STT_TT00203_00264.600-00268.050,ད་འདྲ་ཞིག ཡང་ཡང་རྙེད་ཀི་རེད་བའི་ཟེར་ན། ད་འདི་ཕལ་ཆེར། འགན་ལེན་ཐུབ་ཡ་ཁག་པོ་འདུག་བ།  ,da 'dra zhig_yang yang rnyed ki red ba'i zer na/_da 'di phal cher/_'gan len thub ya khag po 'dug ba/__,https://d38pmlk0v88drf.cloudfront.net/wav16k/STT_TT00203_00264.600-00268.050.wav,STT_TT,3,82,3.4499999999999886,wav16k/STT_TT00203_00264.600-00268.050.wav,ད་དེ་འདྲ་ཅིག་ཡང་ཡང་རྙེད་ཀི་རེད་བེ་ཟེར་ན། ད་འདི་ཕལ་ཆེར་འགན་ལེན་ཐུབ་ཡ་ཁག་པོ་འདུག་ག
STT_TT00203_00300.800-00304.800,ད་ང་ཚོ་ཨ་ལེ་སྐྱེ་བ་སྔ་མ་ཅིག་ལས་ཀྱིས་སྟོབས་ཀྱི་ཟེར་ན་ཡང་འདྲ། རླུང་རྟ་རྒྱུགས་པ་ཟེར་ན་ཡང་འདྲ་དེ་འདྲས་ཅིག་གི་སྟོབས་ཀྱི།  ,da nga tsho a le skye ba snga ma cig las kyis stobs kyi zer na yang 'dra/_rlung rta rgyugs pa zer na yang 'dra de 'dras cig gi stobs kyi/__,https://d38pmlk0v88drf.cloudfront.net/wav16k/STT_TT00203_00300.800-00304.800.wav,STT_TT,3,117,4.0,wav16k/STT_TT00203_00300.800-00304.800.wav,ད་ང་ཚོ་ཨ་ལེ། སྐྱེ་བ་སྔ་མའི་ཅིག ལས་ཀི་སྟོབས་ཀི་ཟེར་ནའང་འདྲ། རླུང་རྟ་རྒྱུགས་པ་ཟེར་ནའང་འདྲ། དེ་འདྲ་ཅིག་གི་སྟོབས་ཀིས།
STT_TT00203_00305.100-00306.300,དེ་འདྲས་རང་ཆགས་ཡོད་མ་རེད།  ,de 'dras rang chags yod ma red/__,https://d38pmlk0v88drf.cloudfront.net/wav16k/STT_TT00203_00305.100-00306.300.wav,STT_TT,3,27,1.1999999999999886,wav16k/STT_TT00203_00305.100-00306.300.wav,དེ་འདྲ་རང་ཆགས་ཡ་ཡོད་མ་རེད།
STT_TT00203_00268.600-00270.800,ཡང་ཡང་རྙེད་པ་དཀའ་ལ། དོན་ཆེ་བའི། གསུངས་ཀི་འདུག་གཱ ,yang yang rnyed pa dka' la/_don che ba'i/_gsungs ki 'dug gA_,https://d38pmlk0v88drf.cloudfront.net/wav16k/STT_TT00203_00268.600-00270.800.wav,STT_TT,3,49,2.1999999999999886,wav16k/STT_TT00203_00268.600-00270.800.wav,ཡང་ཡང་རྙེད་པར་དཀའ་ལ་དོན་ཆེ་བས། གསུངས་གི་འདུག་ག
STT_TT00203_00271.500-00274.500,ད་དེ་འདྲ་ཞིག དཔེར་ན། ཕྱོགས་གཅིག་ནས། སོ་སོའི་ངོས་ནས། དལ་འབྱོར་གི་ལུས་རྟེན་ཐོབ།  ,da de 'dra zhig_dper na/_phyogs gcig nas/_so so'i ngos nas/_dal 'byor gi lus rten thob/__,https://d38pmlk0v88drf.cloudfront.net/wav16k/STT_TT00203_00271.500-00274.500.wav,STT_TT,3,79,3.0,wav16k/STT_TT00203_00271.500-00274.500.wav,ད་དེ་འདྲ་ཅིག དཔེར་ན། ཕྱོགས་གཅིག་ནས། སོ་སོའི་ངོས་ནས་དལ་འབྱོར་གི་ལུས་རྟེན་ཐོབ།
STT_TT00203_00274.900-00278.200,སོ་སོ་མི་ལུས་ཐོབ་བསྡད་ཡོད་ནའང་། སོ་སོས་ངོས་ནས། ཆོས་ལ་དད་པ་རྩ་བ་མ་བྱེད་ངེ་།  ,so so mi lus thob bsdad yod na'ang /_so sos ngos nas/_chos la dad pa rtsa ba ma byed nge /__,https://d38pmlk0v88drf.cloudfront.net/wav16k/STT_TT00203_00274.900-00278.200.wav,STT_TT,3,76,3.300000000000012,wav16k/STT_TT00203_00274.900-00278.200.wav,སོ་སོ་མི་ལུས་ཐོབ་བསྡད་ཡོད་ན་ཡང་། སོ་སོའི་ངོས་ནས་ཆོས་ལ་དད་པ་རྩ་བ་ཉིད་ནས་མ་བྱེད་ྱེ།
STT_TT00203_00306.900-00309.900,ཆོས་ཟེར་བ་དེ་རྫུན་མ་རེད་སྐྱག་རྫུན་རེད། དེ་ལ་ཁུང་ཡོད་མ་རེད་ལུང་ཡོད་མ་རེད།  ,chos zer ba de rdzun ma red skyag rdzun red/_de la khung yod ma red lung yod ma red/__,https://d38pmlk0v88drf.cloudfront.net/wav16k/STT_TT00203_00306.900-00309.900.wav,STT_TT,3,74,3.0,wav16k/STT_TT00203_00306.900-00309.900.wav,ཆོས་ཟེར་ཡ་འདི་རྫུན་མ་རེད། སྐྱག་རྫུན་རེད། དེ་ལ་ཁུངས་ཡོད་མ་རེད། ལུང་ཡོད་མ་རེད།
STT_TT00203_00278.600-00280.750,ད་རིང་ཁ་སང་། ང་ཚོའི་ལུང་པའི་ནང་དེ་བ་ལ་ཡ། མི་དེ་འདྲ་དེ་འདྲ་ཡོང་བསྡད་ཀི་ཡོད་རེད།  ,da ring kha sang /_nga tsho'i lung pa'i nang de ba la ya/_mi de 'dra de 'dra yong bsdad ki yod red/__,https://d38pmlk0v88drf.cloudfront.net/wav16k/STT_TT00203_00278.600-00280.750.wav,STT_TT,3,80,2.1499999999999773,wav16k/STT_TT00203_00278.600-00280.750.wav,དེ་རིང་ཁ་སང་ང་ཚོ་ལུང་པའི་ནང་དེ་བ་ལ། མི་དེ་འདྲ་དེ་འདྲ་ཡོད་བསྡད་ཀི་ཡོད་རེད།
STT_TT00203_00281.150-00289.100,འདི་ཡོང་ཆོག་གི་རེད། ག་བ་ལ་ཡིན་ནའང་། ཡོང་ཆོག་གི་རེད། སྔར་སངས་རྒྱས་བཅོམ་ལྡན་འདས་ཞལ་བཞུགས་པའི་ཁ་ཐུག་ལའང་། སངས་རྒྱས་བཅོམ་ལྡན་འདས་ཀི་སྐུ་མདུན་ལ་བཅར་བྱས། ཆོས་ཟེར་ཡ་འདི་ཡོད་མ་རེད། སྐྱག་རྫུན་རེད་ཟེར་ ,'di yong chog gi red/_ga ba la yin na'ang /_yong chog gi red/_sngar sangs rgyas bcom ldan 'das zhal bzhugs pa'i kha thug la'ang /_sangs rgyas bcom ldan 'das ki sku mdun la bcar byas/_chos zer ya 'di yod ma red/_skyag rdzun red zer _,https://d38pmlk0v88drf.cloudfront.net/wav16k/STT_TT00203_00281.150-00289.100.wav,STT_TT,3,192,7.950000000000045,wav16k/STT_TT00203_00281.150-00289.100.wav,འདི་ཡོང་ཆོག་གི་རེད། ག་བ་ཡིན་ནའ་ཡོང་ཆོག་གི་རེད། སྔར་སངས་རྒྱས་བཅོམ་ལྡན་འདས་ཞལ་བཞུགས་པའི་ཁ་ཐུག་ལ་། སངས་རྒྱས་བཅོམ་ལྡན་འདས་ཀི་སྐུ་མདུན་ལ་བཅར་བྱས། ཆོས་ཟེར་ཡ་འདི་ཡོད་མ་རེད། སྐྱག་རྫུན་རེདབྱས།
STT_TT00203_00310.450-00312.150,དེ་འདྲས་རང་དང་ང་ཚོ་ཆགས་བསྡད་ཡོད་མ་རེད།  ,de 'dras rang dang nga tsho chags bsdad yod ma red/__,https://d38pmlk0v88drf.cloudfront.net/wav16k/STT_TT00203_00310.450-00312.150.wav,STT_TT,3,40,1.6999999999999886,wav16k/STT_TT00203_00310.450-00312.150.wav,དེ་འདྲ་རང་ད་ང་ཚོ་ཆགས་བསྡད་ཡོད་མ་རེད།
STT_TT00203_00290.150-00290.900,བཤད་ངེ་ དེ་འདྲ་ཡོང་གི་འདུག་གཱ ,bshad nge _de 'dra yong gi 'dug gA_,https://d38pmlk0v88drf.cloudfront.net/wav16k/STT_TT00203_00290.150-00290.900.wav,STT_TT,3,30,0.75,wav16k/STT_TT00203_00290.150-00290.900.wav,དོས་ྱི་དེ་འདྲ་ཡོང་གི་འདུ་ག
STT_TT00203_00291.250-00293.100,འདི་ཡོང་ཆོག་ནི་མེད་པ། དེ་རིང་ཁ་སང་ང་རང་ཚོ།  ,'di yong chog ni med pa/_de ring kha sang nga rang tsho/__,https://d38pmlk0v88drf.cloudfront.net/wav16k/STT_TT00203_00291.250-00293.100.wav,STT_TT,3,44,1.8500000000000227,wav16k/STT_TT00203_00291.250-00293.100.wav,འདི་ཡོང་ཆོག་ནི་མེད་པ། དེ་རིང་ཁ་སང་ང་རང་ཚོ།
STT_TT00203_00312.450-00315.250,ད་ཡང་རྦད་དེ་ཅིག་ཆུ་ཚོད་ཉེར་ཤུ་རྩ་བཞི་ཆ་ཚང་ལོ་ཆོས་སྒང་ལ ,da yang rbad de cig chu tshod nyer shu rtsa bzhi cha tshang lo chos sgang la_,https://d38pmlk0v88drf.cloudfront.net/wav16k/STT_TT00203_00312.450-00315.250.wav,STT_TT,3,55,2.800000000000012,wav16k/STT_TT00203_00312.450-00315.250.wav,ད་ཡང་རྦད་དེ་ཅིག ཆུ་ཚོད་ཉི་ཤུ་རྩ་བཞི་ཆ་ཚང་ལོ་ཆོས་སྒང་ལ།
STT_TT00203_00293.300-00296.400,བསོད་དེ་བསོད་ནམས། གང་ག་མ་སྒྲིབ་འགྲོ་བ་དཱ། མ་ཟག་འགྲོ་བའི་ཁ་ཐུག་དེ་དཱ།  ,bsod de bsod nams/_gang ga ma sgrib 'gro ba dA/_ma zag 'gro ba'i kha thug de dA/__,https://d38pmlk0v88drf.cloudfront.net/wav16k/STT_TT00203_00293.300-00296.400.wav,STT_TT,3,70,3.099999999999966,wav16k/STT_TT00203_00293.300-00296.400.wav,བསོད་བདེ་བསོད་ནམས་གང་ག་མར་འགྲིབ་འགྲོ་བ་དང་། མ་ཟག་འགྲོ་བའི་ཁ་ཐུག་དེ་ད།
STT_TT00203_00326.050-00327.100,དེ་འདྲ་ཅིག་ང་ཚོ་བྱས།  ,de 'dra cig nga tsho byas/__,https://d38pmlk0v88drf.cloudfront.net/wav16k/STT_TT00203_00326.050-00327.100.wav,STT_TT,3,22,1.0500000000000114,wav16k/STT_TT00203_00326.050-00327.100.wav,དེ་འདྲ་ཅིག་ང་ཚོ་
STT_TT00203_00328.000-00331.650,ཨེ་ནས། རྒན་ཁོག་ཚོ་ངོས་ནས་དགོངས་པ་བཞེད་པ་ཡིན་ན་ལས། ཕྱོགས་གཅིག་ནས། སོ་སོ་ལོ་ཡ། དྲུག་ཅུ་བདུན་ཅུ་ཁ་ཐུག་ལ།  ,e nas/_rgan khog tsho ngos nas dgongs pa bzhed pa yin na las/_phyogs gcig nas/_so so lo ya/_drug cu bdun cu kha thug la/__,https://d38pmlk0v88drf.cloudfront.net/wav16k/STT_TT00203_00328.000-00331.650.wav,STT_TT,3,103,3.649999999999977,wav16k/STT_TT00203_00328.000-00331.650.wav,ཨེ་ནས། རྒན་ཁོགས་ཚོས་ངོས་ནས་ དགོངས་པ་བཞེས་པ་ཡིན་ན་ལས། ཕྱོགས་གཅིག་ནས།་སོ་སོ་ལོ་ཡ་དྲུག་ཅུ་བདུན་ཅུ་ཁ་ཐུག་ལ།
STT_TT00203_00331.900-00332.550,ཡ་སླེབས།  ,ya slebs/__,https://d38pmlk0v88drf.cloudfront.net/wav16k/STT_TT00203_00331.900-00332.550.wav,STT_TT,3,10,0.6500000000000341,wav16k/STT_TT00203_00331.900-00332.550.wav,ཡར་སླེབས།
STT_TT00203_00315.800-00321.100,སྲོག་བགྱི་དང་བརྩི་དགོས་ཐུག་ན་ལི་འབེན་བཙུགས་ཅིག་བྱེད། དེ་འདྲས་རང་དང་ང་ཚོ་ཡང་བློ་སྟོབས་བྱེད་ནས་པེ་སེམས་གི་སེམས་ཤུགས་ཡོད་མ་རེད་དེ།  ,srog bgyi dang brtsi dgos thug na li 'ben btsugs cig byed/_de 'dras rang dang nga tsho yang blo stobs byed nas pe sems gi sems shugs yod ma red de/__,https://d38pmlk0v88drf.cloudfront.net/wav16k/STT_TT00203_00315.800-00321.100.wav,STT_TT,3,129,5.300000000000011,wav16k/STT_TT00203_00315.800-00321.100.wav,སྲོག་ཅིག་དཱ་ཆོས་ཀི་དོན་དག་ལ་འབན་བཙུགས་ཅིག་བྱས། དེ་འདྲ་རང་ད་ང་ཚོ་ཡང་། བློ་སྟོབས་བྱས་ནས། དཔེ་སེམས་ཀི་སེམས་ཤུགས་ཡོད་མ་རེད་དེ།
STT_TT00203_00321.400-00323.600,ད་ཡིན་ནས་ཅིག་སྡུག་རྩུབ་ངོས་ནས་ཆོས་ལ་དགག་པ་མ་བརྒྱབ་ཙམ་ཅིག་དང་།  ,da yin nas cig sdug rtsub ngos nas chos la dgag pa ma brgyab tsam cig dang /__,https://d38pmlk0v88drf.cloudfront.net/wav16k/STT_TT00203_00321.400-00323.600.wav,STT_TT,3,63,2.200000000000045,wav16k/STT_TT00203_00321.400-00323.600.wav,ད་ཡིན་ནའ་ཅིག སྡུག་ས་ངོས་ནས།་ཆོས་ལ་དགག་པ་མ་བརྒྱབ་ཙི་ཞིག་ད
STT_TT00203_00332.750-00333.850,ད་གཟུགས་པོའི་ཐོག་ནས་ད།  ,da gzugs po'i thog nas da/__,https://d38pmlk0v88drf.cloudfront.net/wav16k/STT_TT00203_00332.750-00333.850.wav,STT_TT,3,24,1.1000000000000227,wav16k/STT_TT00203_00332.750-00333.850.wav,ད་གཟུགས་པོའི་ཐོག་ནས་ད།
STT_TT00203_00334.150-00335.200,ད་སྒལ་ཚིགས་ཐིམ་ནས།  ,da sgal tshigs thim nas/__,https://d38pmlk0v88drf.cloudfront.net/wav16k/STT_TT00203_00334.150-00335.200.wav,STT_TT,3,20,1.0500000000000114,wav16k/STT_TT00203_00334.150-00335.200.wav,དག་གས་རྫི་ཐིམ་ནས།
STT_TT00203_00335.700-00337.000,ཕྱག་བཙལ་བ་ཡིན་ན་ལས། བཙལ་མ་ཐུབ་ཡ།  ,phyag btsal ba yin na las/_btsal ma thub ya/__,https://d38pmlk0v88drf.cloudfront.net/wav16k/STT_TT00203_00335.700-00337.000.wav,STT_TT,3,34,1.3000000000000114,wav16k/STT_TT00203_00335.700-00337.000.wav,ཕྱག་བཚལ་པ་ཡིན་ན་ལས། བཙལ་མ་ཐུབ་ཡ
STT_TT00203_00337.650-00338.150,ཁ་འདོན་བྱེད།  ,kha 'don byed/__,https://d38pmlk0v88drf.cloudfront.net/wav16k/STT_TT00203_00337.650-00338.150.wav,STT_TT,3,14,0.5,wav16k/STT_TT00203_00337.650-00338.150.wav,ཁ་འདོན་བྱས།
STT_TT00203_00338.400-00339.100,དེ་འདྲ་བྱེད་མ་ཐུབ་ཡ།  ,de 'dra byed ma thub ya/__,https://d38pmlk0v88drf.cloudfront.net/wav16k/STT_TT00203_00338.400-00339.100.wav,STT_TT,3,22,0.7000000000000455,wav16k/STT_TT00203_00338.400-00339.100.wav,དེ་འདྲ་བེད་མ་ཐུབ་ཡ་གི་
STT_TT00203_00324.050-00325.600,སྐུར་བ་མ་བཏབ་ཙམ་ཅིག་བླ་མ་ལ་ཁ་མ་བཏང་།  ,skur ba ma btab tsam cig bla ma la kha ma btang /__,https://d38pmlk0v88drf.cloudfront.net/wav16k/STT_TT00203_00324.050-00325.600.wav,STT_TT,3,38,1.5500000000000114,wav16k/STT_TT00203_00324.050-00325.600.wav,སྐུར་བ་མ་བཏབ་ཙམ་ཅིག བླ་མ་ལ་ཁ་མ་བཏང་།
STT_TT00203_00343.600-00345.800,ད་ག་ནང་བཞིན་ང་རང་གི་ཐོག་ནས་ཅིག་ཁ་འདོན་དེ་འདྲས་བྱེད།  ,da ga nang bzhin nga rang gi thog nas cig kha 'don de 'dras byed/__,https://d38pmlk0v88drf.cloudfront.net/wav16k/STT_TT00203_00343.600-00345.800.wav,STT_TT,3,53,2.1999999999999886,wav16k/STT_TT00203_00343.600-00345.800.wav,ད་ག་ནང་བཞིན་ངག་གི་ཐོག་ནས་ཅིག་ཁ་འདོན་དེ་འདྲ་ཅིག
STT_TT00203_00339.600-00340.700,ད་དངོས་གནས། ལུས་ཀྱིས།  ,da dngos gnas/_lus kyis/__,https://d38pmlk0v88drf.cloudfront.net/wav16k/STT_TT00203_00339.600-00340.700.wav,STT_TT,3,23,1.099999999999966,wav16k/STT_TT00203_00339.600-00340.700.wav,ད་དངོས་གནས་ལུས་ཀི་
STT_TT00203_00340.850-00343.100,རྣམ་འགྱུར་གི་ཐོག་ནས། དཀའ་ལས་ཞིག་བརྒྱབ་ཀ་ཕྱིན་པ་ཡིན་ན་ལས། རྒྱག་མ་ཐུབ་ངེ་།  ,rnam 'gyur gi thog nas/_dka' las zhig brgyab ka phyin pa yin na las/_rgyag ma thub nge /__,https://d38pmlk0v88drf.cloudfront.net/wav16k/STT_TT00203_00340.850-00343.100.wav,STT_TT,3,74,2.25,wav16k/STT_TT00203_00340.850-00343.100.wav,རྣམ་འགྱུར་གི་ཐོག་ནས། དཀའ་ལས་ཞིག་བརྒྱབ་ག་ཕྱིན་པ་ཡིན་ན། རྒྱག་མ་ཐུབ་ཡ།
STT_TT00203_00371.850-00372.650,ང་ཚོའི་སེམས་ནང་དེ་ཡོང་བསྡད་ཀི།  ,nga tsho'i sems nang de yong bsdad ki/__,https://d38pmlk0v88drf.cloudfront.net/wav16k/STT_TT00203_00371.850-00372.650.wav,STT_TT,3,32,0.7999999999999545,wav16k/STT_TT00203_00371.850-00372.650.wav,ང་ཚོའི་སེམས་ནང་དེ་ཡོང་བསྡད
STT_TT00203_00373.450-00376.350,ད་དེ་འདྲའི། ཅིག་གི་གནས་ཚུལ་ཞིག་ལ་སླེབས་བསྡད་དུས། ང་ཚོ་ཅིག་དངོས་གནས།  ,da de 'dra'i/_cig gi gnas tshul zhig la slebs bsdad dus/_nga tsho cig dngos gnas/__,https://d38pmlk0v88drf.cloudfront.net/wav16k/STT_TT00203_00373.450-00376.350.wav,STT_TT,3,69,2.900000000000034,wav16k/STT_TT00203_00373.450-00376.350.wav,ད་དེ་འདྲ་ཅིག་གི་གནས་ཚུལ་ཅིག་སླེབས་བསྡད་དུས། ང་ཚོ་ཅིག་དངོས་གནས།
STT_TT00203_00376.550-00377.850,མཐུན་རྐྱེན་དེ་འདྲ་ཞིག འཛོམ་སྡོད་ཡ་འདི།  ,mthun rkyen de 'dra zhig_'dzom sdod ya 'di/__,https://d38pmlk0v88drf.cloudfront.net/wav16k/STT_TT00203_00376.550-00377.850.wav,STT_TT,3,40,1.3000000000000114,wav16k/STT_TT00203_00376.550-00377.850.wav,མཐུན་རྐྱེན་དེ་འདྲ་ཞིག་འཛོམས་བསྡད་ཡ་དེ།
STT_TT00203_00378.400-00380.400,བློ་སིལ་སིལ་བྱས་ནས། མཐུན་རྐྱེན་སྒང་ལ་བསམ་བློ་གཏང་བྱས།  ,blo sil sil byas nas/_mthun rkyen sgang la bsam blo gtang byas/__,https://d38pmlk0v88drf.cloudfront.net/wav16k/STT_TT00203_00378.400-00380.400.wav,STT_TT,3,55,2.0,wav16k/STT_TT00203_00378.400-00380.400.wav,སི་སི་བྱས་ནས། མཐུན་རྐྱེན་སྒང་ལ་བསམ་བློ་བཏང་བྱས།
STT_TT00203_00380.850-00384.750,ང་ཚོས་བེད་སྤྱོད་གཏང་ནས། ཧུར་ཐག་འབད་ཐག་བྱས་ནས། སོ་སོ་ལ་དོན་དག་རག་པ་ཞིག་བྱས་མ་ཐུབ་པ་ཡིན་ན།  ,nga tshos bed spyod gtang nas/_hur thag 'bad thag byas nas/_so so la don dag rag pa zhig byas ma thub pa yin na/__,https://d38pmlk0v88drf.cloudfront.net/wav16k/STT_TT00203_00380.850-00384.750.wav,STT_TT,3,90,3.899999999999977,wav16k/STT_TT00203_00380.850-00384.750.wav,ང་ཚོས་བེད་སྤྱོད་བཏང་ནས། ཧུར་ཐག་འབད་ཐག་བྱས་ནས། སོ་སོ་ལ་དོན་དག་རག་པ་ཞིག་བྱེད་མ་ཐུབ་པ་ཡིན་ན།
STT_TT00203_00385.050-00387.950,མཐུན་རྐྱེན་རག་པ་འདིའི་སྒང་ལ་ཡ། ཅོ་ཡོ་པོ་ཡོ། ཅོ་ཡོ་པོ་ཡོ་འདྲ་བྱས།  ,mthun rkyen rag pa 'di'i sgang la ya/_co yo po yo/_co yo po yo 'dra byas/__,https://d38pmlk0v88drf.cloudfront.net/wav16k/STT_TT00203_00385.050-00387.950.wav,STT_TT,3,66,2.8999999999999773,wav16k/STT_TT00203_00385.050-00387.950.wav,མཐུན་རྐྱེན་རག་པ་འདིའི་སྒང་ལ་ཡ། ཅོ་ཡོ་པོ་ཡོ ཅོ་ཡོ་པོ་ཡོ་དྲ་ཅིག
STT_TT00203_00388.100-00389.500,གང་བྱས། ཉི་མ་གང་འཁྱོལ་འདྲ་ཞིག་ཐོག་ནས།  ,gang byas/_nyi ma gang 'khyol 'dra zhig thog nas/__,https://d38pmlk0v88drf.cloudfront.net/wav16k/STT_TT00203_00388.100-00389.500.wav,STT_TT,3,39,1.3999999999999773,wav16k/STT_TT00203_00388.100-00389.500.wav,་ཅིག་ཉི་མ་གང་འགྱོད་འདྲ་ཞིག་གི་ཐོག་ནས།
STT_TT00203_00389.900-00390.750,དུས་ཚོད་འདི་ཕྱིན་པ་ཡིན་ན།  ,dus tshod 'di phyin pa yin na/__,https://d38pmlk0v88drf.cloudfront.net/wav16k/STT_TT00203_00389.900-00390.750.wav,STT_TT,3,27,0.8500000000000227,wav16k/STT_TT00203_00389.900-00390.750.wav,དུས་ཚོད་འདི་ཕྱིན་པ་ཡིན་ན།
STT_TT00203_00346.250-00349.350,བྱེད་ཁག་ཕྱིན་པ་ཡིན་ན་ད་ཅིག་ཟིན་མ་ཐུབ་པའི་བཟོ་འདྲ་དང་། ཁྱོག་ལ་མ་ཁྱོག་ལ་བཟོ་འདྲ་དང་།  ,byed khag phyin pa yin na da cig zin ma thub pa'i bzo 'dra dang /_khyog la ma khyog la bzo 'dra dang /__,https://d38pmlk0v88drf.cloudfront.net/wav16k/STT_TT00203_00346.250-00349.350.wav,STT_TT,3,84,3.1000000000000227,wav16k/STT_TT00203_00346.250-00349.350.wav,དི་བྱེད་ཀ་ཕྱིན་པ་ཡིན་ན། ད་ཅིག་ཟིན་མ་ཐུབ་པའི་ཟོལ་འདྲ་དང་། འཁྱོག་ལ་མ་འཁྱོག་གི་ཟོལ་དང།
STT_TT00203_00391.150-00392.200,ང་ཚོ་དངོས་གནས་ཕངས་པོ་ཞེ།  ,nga tsho dngos gnas phangs po zhe/__,https://d38pmlk0v88drf.cloudfront.net/wav16k/STT_TT00203_00391.150-00392.200.wav,STT_TT,3,26,1.0500000000000114,wav16k/STT_TT00203_00391.150-00392.200.wav,ང་ཚོ་དངོས་གནས་ཕང་པོ་ཞི།
STT_TT00203_00393.450-00395.900,ཕྱོགས་གཅིག་ནས། ལུང་པའི་ནང་ལ་ཡ། ཆོས་ཀི་སྣང་བ་སེ་གེ ,phyogs gcig nas/_lung pa'i nang la ya/_chos ki snang ba se ge_,https://d38pmlk0v88drf.cloudfront.net/wav16k/STT_TT00203_00393.450-00395.900.wav,STT_TT,3,50,2.4499999999999886,wav16k/STT_TT00203_00393.450-00395.900.wav,ཕྱོགས་གཅིག་ནས་ལུང་པའི་སྒང་ལ་ཡ། ཆོས་ཀི་སྣང་བ་ཟེ་གེ།
STT_TT00203_00396.500-00400.400,གཉིས་ནས། དེ་འདྲ་གི ཅིག་ཆོས་གསུངས་ངེ་། མ་བཀའ་སློབ་ལམ་སྟོན་གནང་ངེ་གི བླ་མ་དེ་འདྲའི་གེ དམིགས་བསལ་གེ ,gnyis nas/_de 'dra gi_cig chos gsungs nge /_ma bka' slob lam ston gnang nge gi_bla ma de 'dra'i ge_dmigs bsal ge_,https://d38pmlk0v88drf.cloudfront.net/wav16k/STT_TT00203_00396.500-00400.400.wav,STT_TT,3,97,3.899999999999977,wav16k/STT_TT00203_00396.500-00400.400.wav,གཉིས་ནས་དེ་འདྲ་གི་ཅིག་ཆོས་གསུང་ངེ་མ།་བཀའ་སློབ་ལམ་སྟོན་གནང་ངེ་གི་བླ་མ་དེ་འདྲ་གེ་དམིགས་བསལ་གེ
STT_TT00203_00400.750-00403.950,མེད་པ་བྱས། ང་ཚོ་རིག་གནས་གསར་རྗེས་ཟོལ་འདྲ་བྱས་དཔེ། ལུང་པ་ཁོ་རང་ནག་ཁུང་ནག་ཀྱང་ཟོལ་འདྲ་བྱས།  ,med pa byas/_nga tsho rig gnas gsar rjes zol 'dra byas dpe/_lung pa kho rang nag khung nag kyang zol 'dra byas/__,https://d38pmlk0v88drf.cloudfront.net/wav16k/STT_TT00203_00400.750-00403.950.wav,STT_TT,3,90,3.1999999999999886,wav16k/STT_TT00203_00400.750-00403.950.wav,མེད་པ་བྱས། ང་ཚོ་རི་གནས་གསར་བརྗེི་ཟོལ་བྱས། དཔེ། ལུང་པ་ཁོ་རང་ནག་ཁུང་ནག་རྐྱང་ཟོལ་ྲ་བྱས།
STT_TT00203_00414.900-00417.250,སོ་སོའི་བསམ་བློ་ནང་ལ་ཡ། ཆོས་བྱེད་འདོད་ཀི་འདོད་བ་དཱ། ཆོས་ཅིག ,so so'i bsam blo nang la ya/_chos byed 'dod ki 'dod ba dA/_chos cig_,https://d38pmlk0v88drf.cloudfront.net/wav16k/STT_TT00203_00414.900-00417.250.wav,STT_TT,3,60,2.3500000000000227,wav16k/STT_TT00203_00414.900-00417.250.wav,སོ་སོའི་བསམ་བློི་ནང་ལ་ཡ་ཆོས་བྱེད་འདོད་ཀི་འདོད་པ་དང་ཆོས་ཅིག
STT_TT00203_00404.700-00405.300,དེ་འདྲ་གི་ཟོལ་ཞིག ,de 'dra gi zol zhig_,https://d38pmlk0v88drf.cloudfront.net/wav16k/STT_TT00203_00404.700-00405.300.wav,STT_TT,3,18,0.6000000000000227,wav16k/STT_TT00203_00404.700-00405.300.wav,དེ་འདྲ་གི་ཟོ་ཅིག་ཡིན།
STT_TT00203_00406.100-00409.700,ད་གསུམ་ནས། སོ་སོས་ངོས་ནས།་ཆོས་ལ་ཡ། བསམ་བློ་ཁོ་རང་རྩ་བ་ཉིད་ནས་མ་གཏང་ངེ་།  ,da gsum nas/_so sos ngos nas/ chos la ya/_bsam blo kho rang rtsa ba nyid nas ma gtang nge /__,https://d38pmlk0v88drf.cloudfront.net/wav16k/STT_TT00203_00406.100-00409.700.wav,STT_TT,3,73,3.599999999999966,wav16k/STT_TT00203_00406.100-00409.700.wav,ད་གསུམ་ནས་སོ་སོའི་ངོས་ནས། ཆོས་ལ་ཡ། བསམ་བློ་ཁོ་རང་རྩ་བ་ཉིད་ནས་མ་བཏང་ངེ།
STT_TT00203_00410.000-00412.700,ཡ་ཡིད་ཁོ་རང་། མེད་རྒྱོ་དེ་འདྲ་ཡིན་ན། ཨེ་ནས། ང་ཚོ་བྱེད་ཡ་མི་འདུག་གཱ ,ya yid kho rang /_med rgyo de 'dra yin na/_e nas/_nga tsho byed ya mi 'dug gA_,https://d38pmlk0v88drf.cloudfront.net/wav16k/STT_TT00203_00410.000-00412.700.wav,STT_TT,3,67,2.6999999999999886,wav16k/STT_TT00203_00410.000-00412.700.wav,གཡབ་རིས་ཁོ་རང་མེད་རྒྱོ་དེ་འདྲ་ཡིན་ན། ཨེ་ནས་ ང་ཚོ་བྱེད་ཡ་མི་འདུག་གཱ
STT_TT00203_00413.050-00414.350,ད་ལྟ་ང་ཚོ། བླ་མ་མཇལ་ཡ་ཡོད་པ།  ,da lta nga tsho/_bla ma mjal ya yod pa/__,https://d38pmlk0v88drf.cloudfront.net/wav16k/STT_TT00203_00413.050-00414.350.wav,STT_TT,3,30,1.3000000000000114,wav16k/STT_TT00203_00413.050-00414.350.wav,ད་ད་ལྟ་ང་ཚོ་བླ་མ་ཞིག་ཡ་ཡོད་པ།
STT_TT00203_00417.850-00419.500,ཞེ་བོ་དེ་འདྲ་ད། གོ་ཚོད་ཀི་ཡོད་མ་རེད་དཱ། ཨ་ལས།  ,zhe bo de 'dra da/_go tshod ki yod ma red dA/_a las/__,https://d38pmlk0v88drf.cloudfront.net/wav16k/STT_TT00203_00417.850-00419.500.wav,STT_TT,3,47,1.6499999999999773,wav16k/STT_TT00203_00417.850-00419.500.wav,ཞེ་བོ་དེ་འདྲ་ད། མགོ་ཚོས་ཀི་ཡོད་མ་རེད་དེ། ཨ་ལས།
STT_TT00203_00349.500-00355.000,དེ་འདྲས་གི་གནས་ཚུལ་མང་པོ་ཅིག་རྐྱེན་བྱེད་ནས། འདི་ཡང་འཇོན་གི་མི་འདུག་ཕ་གི་འཇོན་གི་མི་འདུག་ཟེར་ཡ། དེ་འདྲས་ཅིག་གང་སླེབས་སླེབས་སྡོད་ཡོདརེད་དེ།  ,de 'dras gi gnas tshul mang po cig rkyen byed nas/_'di yang 'jon gi mi 'dug pha gi 'jon gi mi 'dug zer ya/_de 'dras cig gang slebs slebs sdod yodared de/__,https://d38pmlk0v88drf.cloudfront.net/wav16k/STT_TT00203_00349.500-00355.000.wav,STT_TT,3,139,5.5,wav16k/STT_TT00203_00349.500-00355.000.wav,དེ་འདྲ་གི་གནས་ཚུལ་མང་པོ་ཅིག་གི་རྐྱེན་བྱས་ནས། འདི་ཡང་འཇོན་གི་མི་འདུག ཕ་གི་འཇོན་གི་མི་འདུག་ཟེར་ཡ། དེ་འདྲ་ཞིག་སྒང་ལ་སླེབ་སླེབས་བསྡད་ཡོད་རེད་དེ།
STT_TT00203_00355.200-00357.150,རྩ་བའི་ང་ཚོའི་བསམ་བློའི་ནང་ལ་ཡ།  ,rtsa ba'i nga tsho'i bsam blo'i nang la ya/__,https://d38pmlk0v88drf.cloudfront.net/wav16k/STT_TT00203_00355.200-00357.150.wav,STT_TT,3,33,1.9499999999999889,wav16k/STT_TT00203_00355.200-00357.150.wav,རྩ་བའི་ང་ཚོའི་བསམ་བློའི་ནང་ལ་ཡ།
STT_TT00203_00357.400-00359.950,སྐུ་མཆོག་རིན་པོ་ཆེ་རྣམ་པ་གསུམ་གི་མཁྱེན་བསམ་བསམ་གི་ ,sku mchog rin po che rnam pa gsum gi mkhyen bsam bsam gi _,https://d38pmlk0v88drf.cloudfront.net/wav16k/STT_TT00203_00357.400-00359.950.wav,STT_TT,3,51,2.550000000000012,wav16k/STT_TT00203_00357.400-00359.950.wav,དཀོན་མཆོག་རིན་པོ་ཆེ་རྣམ་པ་གསུམ་གིས་མཁྱེན་བསམ་བསམ་གི་
STT_TT00203_00360.100-00361.400,ང་ཚོའི་ནོར་བུ་ཟེར་ན་མི་འདུག་ ,nga tsho'i nor bu zer na mi 'dug _,https://d38pmlk0v88drf.cloudfront.net/wav16k/STT_TT00203_00360.100-00361.400.wav,STT_TT,3,29,1.2999999999999543,wav16k/STT_TT00203_00360.100-00361.400.wav,ང་ཚོ་ནོར་བུ་ཟེར་ནའ་མི་འདུག
STT_TT00203_00419.950-00421.400,གང་འཚམ་འདྲ་ཞིག་ཅིག གོ་ཚོད།  ,gang 'tsham 'dra zhig cig_go tshod/__,https://d38pmlk0v88drf.cloudfront.net/wav16k/STT_TT00203_00419.950-00421.400.wav,STT_TT,3,28,1.4499999999999886,wav16k/STT_TT00203_00419.950-00421.400.wav,ད་གང་འཚམ་འདྲ་ྱས་ཅིག མགོ་ཚོད།
STT_TT00203_00422.300-00427.450,སོ་སོའི་ཕ་གེ ཅིག་ལུས་ངག་ཡིད་གསུམ་དཱ། སོ་སོའི་ད་ལྟའི། ཆུ་ཚོད་འདི་དཱ། ད་ལྟའི་ཕོ་ལོ་དེ་འདྲ་ཞིག་གི་ཐོག་ནས།  ,so so'i pha ge_cig lus ngag yid gsum dA/_so so'i da lta'i/_chu tshod 'di dA/_da lta'i pho lo de 'dra zhig gi thog nas/__,https://d38pmlk0v88drf.cloudfront.net/wav16k/STT_TT00203_00422.300-00427.450.wav,STT_TT,3,104,5.149999999999977,wav16k/STT_TT00203_00422.300-00427.450.wav,སོ་སོའི་ཕ་གེ་ཅིག་ལུས་ངག་ཡིད་གསུམ་དང་། སོ་སོའི་ད་ལྟའི་ཆུ་ཚད་འདི་དཱ་། ད་ལྟི་སྤོབ་ལེ་འདེ་འདྲ་ཅིག་གི་ཐོག་ནས།
STT_TT00203_00427.750-00429.200,གང་ཐུབ་ཅི་ཐུབ་ཞིག་བྱེད་ངེ་ཡིན་ན།  ,gang thub ci thub zhig byed nge yin na/__,https://d38pmlk0v88drf.cloudfront.net/wav16k/STT_TT00203_00427.750-00429.200.wav,STT_TT,3,34,1.4499999999999886,wav16k/STT_TT00203_00427.750-00429.200.wav,གང་ཐུབ་ཅི་ཐུབ་ཅིག་བྱེད་ངེ་ཡིན་ན།
STT_TT00203_00361.850-00363.200,སྐྱེ་བ་ཕྱི་མ་འཁྱེར་ཡ་ཟེར་ན་མི་འདུག་ ,skye ba phyi ma 'khyer ya zer na mi 'dug _,https://d38pmlk0v88drf.cloudfront.net/wav16k/STT_TT00203_00361.850-00363.200.wav,STT_TT,3,36,1.349999999999966,wav16k/STT_TT00203_00361.850-00363.200.wav,སྐྱེ་བ་ཕྱི་མ་ཁྱེར་ཡ་ཟེར་ན་མི་འདུག
STT_TT00203_00429.450-00431.250,དེ་གེ་རྩེ་གཅིག ང་ཚོ་ཕལ་ཆེར་འགྲིག་བསྡད་པའི་ཟོལ་ཅིག ,de ge rtse gcig_nga tsho phal cher 'grig bsdad pa'i zol cig_,https://d38pmlk0v88drf.cloudfront.net/wav16k/STT_TT00203_00429.450-00431.250.wav,STT_TT,3,50,1.8000000000000114,wav16k/STT_TT00203_00429.450-00431.250.wav,དེ་གས་ཙམ་ཅིག་ང་ཚོ་ཕལ་ཆེར་འགྲིག་བསྡད་པའི་ཟོལ་ཞིག
STT_TT00203_00432.250-00434.650,ད་དཔེ་མི། དགོན་པའི་ནང་ལ་ཡ་ཕྱིན། དཔེ་རྟགས་གསལ་གཏང་། དགེ་བཤེས།  ,da dpe mi/_dgon pa'i nang la ya phyin/_dpe rtags gsal gtang /_dge bshes/__,https://d38pmlk0v88drf.cloudfront.net/wav16k/STT_TT00203_00432.250-00434.650.wav,STT_TT,3,62,2.3999999999999773,wav16k/STT_TT00203_00432.250-00434.650.wav,ད་དཔེམི། དགོན་པའི་ནང་ལ་ཡར་ཕྱིན། དཔེ་རྟགས་གསལ་ཏང་། དགེ་བཤེས།
STT_TT00203_00434.800-00436.450,དེ་འདྲ་དཱ། ང་ཚོ་དཱ། དཀལ་ལས་ཁག་པོ། ཁག་པོ་རེད།  ,de 'dra dA/_nga tsho dA/_dkal las khag po/_khag po red/__,https://d38pmlk0v88drf.cloudfront.net/wav16k/STT_TT00203_00434.800-00436.450.wav,STT_TT,3,46,1.6499999999999773,wav16k/STT_TT00203_00434.800-00436.450.wav,དེ་འདྲ་ད།་ང་ཚོ་ད་དཀའ་ལས་ཁག་པོ་ཁག་པོ་རེད།
STT_TT00203_00436.750-00438.850,དེ་ཚོ། ལོ་དཱ་ལོ་སྒྲིམ། ལོ་དཱ་ལོ་སྒྲིམ།  ,de tsho/_lo dA lo sgrim/_lo dA lo sgrim/__,https://d38pmlk0v88drf.cloudfront.net/wav16k/STT_TT00203_00436.750-00438.850.wav,STT_TT,3,40,2.1000000000000227,wav16k/STT_TT00203_00436.750-00438.850.wav,དེ་ཚོ། ལོ་དཱ་ལོ་འདྲེལ། ལོ་དང་ལོ་འདྲེས།
STT_TT00203_00363.600-00365.250,སྐྱེ་བ་ཕྱི་མ་སྐྱེ་བ་ཡག་པོ་ཅིག་ཏུ་ལེན་ཡ།  ,skye ba phyi ma skye ba yag po cig tu len ya/__,https://d38pmlk0v88drf.cloudfront.net/wav16k/STT_TT00203_00363.600-00365.250.wav,STT_TT,3,41,1.6499999999999773,wav16k/STT_TT00203_00363.600-00365.250.wav,སྐྱེ་བ་ཕྱི་མ་སྐྱེ་བ་ཡག་པོ་ཞིག་གི་ལེན་ཡ
STT_TT00203_00365.700-00367.250,རེ་ས་ཆགས་ས་ད་བློས་སྐྱེལ་ས།  ,re sa chags sa da blos skyel sa/__,https://d38pmlk0v88drf.cloudfront.net/wav16k/STT_TT00203_00365.700-00367.250.wav,STT_TT,3,28,1.5500000000000114,wav16k/STT_TT00203_00365.700-00367.250.wav,སྡད་ས་ཆགས་ས་ད་བློས་བཀལ་ས།
STT_TT00203_00439.250-00440.650,དཀའ་ལས་བརྒྱབ་བྱས། གཞུག་གུ་དཔེ་ཡོད་བ།  ,dka' las brgyab byas/_gzhug gu dpe yod ba/__,https://d38pmlk0v88drf.cloudfront.net/wav16k/STT_TT00203_00439.250-00440.650.wav,STT_TT,3,38,1.3999999999999773,wav16k/STT_TT00203_00439.250-00440.650.wav,དཀའ་ལས་བརྒྱབ་བྱས། གཞུག་གུ་དཔེ་ཡོད་བ།
STT_TT00203_00440.850-00442.650,ལོ་སུམ་ཅུ། བཞི་བཅུ། ལྔ་བཅུ། དྲུག་ཅུ་དེ་ཚོའི་ནང་ལ་ཡ།  ,lo sum cu/_bzhi bcu/_lnga bcu/_drug cu de tsho'i nang la ya/__,https://d38pmlk0v88drf.cloudfront.net/wav16k/STT_TT00203_00440.850-00442.650.wav,STT_TT,3,53,1.7999999999999543,wav16k/STT_TT00203_00440.850-00442.650.wav,ལོ་སུམ་ཅུ་བཞི་བཅུ། ལྔ་བཅུ། དྲུག་ཅུ། དེ་ཚོའི་ནང་ལ་ཡ།
STT_TT00203_00443.100-00447.500,སླེབ་སྡོད་ཡ་སྐད་ཆ་རེད་མ་གཏོགས་ཅིག་གི དེ་འདྲ་གི གསུང་ཆོས་ཉི་མ་བཅུ་ཞིག་སྦྱངས་བྱས། ལམ་སང་ད་ག འགྲིག་བསྡད་ཡ་གི་ཟོལ་དེ་འདྲ་དཱ།  ,sleb sdod ya skad cha red ma gtogs cig gi_de 'dra gi_gsung chos nyi ma bcu zhig sbyangs byas/_lam sang da ga_'grig bsdad ya gi zol de 'dra dA/__,https://d38pmlk0v88drf.cloudfront.net/wav16k/STT_TT00203_00443.100-00447.500.wav,STT_TT,3,122,4.399999999999977,wav16k/STT_TT00203_00443.100-00447.500.wav,སླེབས་སྡོད་ཡ་གི་སྐད་ཆ་རེད་མ་གཏོགས་ཅིག་གི དེ་འདྲ་གི གསུང་ཆོས་ཉི་མ་བཅུ་ཞིག་བཞངས་བྱས། ལམ་སང་ད་ག་འགྲིག་བསྡད་ཡ་ི་ཟོལ་འདྲ་དང་།
STT_TT00203_00367.650-00371.400,ཆགས་ས་བརྟེན་ས་ཡོངས་རྫོགས་ལོ་གང་ག། ང་ཚོ་བླ་མ་དཀོན་མཆོག་གསུམ་ལ་ཡིད་ཆེས་པའི་ཡིད་ཆེས་གི་དད་པ་ཅིག་ ,chags sa brten sa yongs rdzogs lo gang ga/_nga tsho bla ma dkon mchog gsum la yid ches pa'i yid ches gi dad pa cig _,https://d38pmlk0v88drf.cloudfront.net/wav16k/STT_TT00203_00367.650-00371.400.wav,STT_TT,3,94,3.75,wav16k/STT_TT00203_00367.650-00371.400.wav,ཆགས་ས་བརྟེན་ས་ཡོངས་རྫོགས་ལོ་གང་ག ང་ཚོ་བླ་མ་དཀོན་མཆོག་གསུམ་ལ་ཡིད་ཆེས་པའི་ཡིད་ཆེས་ཀི་དད་པ་ཅིག
STT_TT00203_00468.150-00469.300,གོམ་པ་རྒྱག་མ་ཐུབ་ངེ་།  ,gom pa rgyag ma thub nge /__,https://d38pmlk0v88drf.cloudfront.net/wav16k/STT_TT00203_00468.150-00469.300.wav,STT_TT,3,23,1.150000000000034,wav16k/STT_TT00203_00468.150-00469.300.wav,གོམ་པ་རྒྱག་མ་ཐུབ་ངེ།
STT_TT00203_00469.550-00470.600,འོ་ད་ཁྱོད་རང་ཅིག་ཆག་ཡ་འདུག་གཱ ,'o da khyod rang cig chag ya 'dug gA_,https://d38pmlk0v88drf.cloudfront.net/wav16k/STT_TT00203_00469.550-00470.600.wav,STT_TT,3,30,1.0500000000000114,wav16k/STT_TT00203_00469.550-00470.600.wav,འོ་ད་ཁྱད་མཚར་ཞིག་ཆགས་ཡ་འདུག་ག
STT_TT00203_00470.950-00472.600,རྒས་ཞིང་། ཁོག་པ་ཟེར་དུས། རྒན་ཁོག ,rgas zhing /_khog pa zer dus/_rgan khog_,https://d38pmlk0v88drf.cloudfront.net/wav16k/STT_TT00203_00470.950-00472.600.wav,STT_TT,3,33,1.650000000000034,wav16k/STT_TT00203_00470.950-00472.600.wav,རྒས་ཤིང་འཁོག་པ་ེ། རྒན་ཁོག།
STT_TT00203_00447.950-00449.400,ཟླ་བ་གཅིག་གཉིས་ཅིག་དཔེ་ཆ་བལྟས་ཏེ་ལང་སང་ད་ག་ག ,zla ba gcig gnyis cig dpe cha bltas te lang sang da ga ga_,https://d38pmlk0v88drf.cloudfront.net/wav16k/STT_TT00203_00447.950-00449.400.wav,STT_TT,3,45,1.4499999999999886,wav16k/STT_TT00203_00447.950-00449.400.wav,ཟླ་བ་གཅིག་གཉིས་ཞིག་དཔེ་ཆ་བལྟས་བྱས། ལམ་སང་ད་ག་ཐག
STT_TT00203_00450.150-00450.800,དེ་འདྲས་མ་རེད་བ།  ,de 'dras ma red ba/__,https://d38pmlk0v88drf.cloudfront.net/wav16k/STT_TT00203_00450.150-00450.800.wav,STT_TT,3,18,0.6500000000000341,wav16k/STT_TT00203_00450.150-00450.800.wav,དེ་འདྲ་མ་རེད་བ།
STT_TT00203_00451.600-00454.150,འོ་དེ་འདྲས་རེད། བྱས་ཙང་ད་དེ་ཚོ་གྲལ་དེ། ཨ་ལེ་ང་ཚོ་ཁག་པོ་ཞེ་བོ་ཅིག་རེད་དེ།  ,'o de 'dras red/_byas tsang da de tsho gral de/_a le nga tsho khag po zhe bo cig red de/__,https://d38pmlk0v88drf.cloudfront.net/wav16k/STT_TT00203_00451.600-00454.150.wav,STT_TT,3,74,2.5499999999999545,wav16k/STT_TT00203_00451.600-00454.150.wav,འོ་དེ་འདྲ་རེད། བྱས་ཙང་ད་དེ་ཚོ་གྲས་ཀི་ད། ཨ་ལེ་ང་ཚོ་ཁག་པོ་ཞེ་བོ་ཞིག་རེད་དེ།
STT_TT00203_00473.000-00474.950,སྤོ་ཏོ། རྨོ་ཏོ་ཟེར་ནས། དེ་འདྲ་ལབ་བསྡད་ཡ་ཅིག ,spo to/_rmo to zer nas/_de 'dra lab bsdad ya cig_,https://d38pmlk0v88drf.cloudfront.net/wav16k/STT_TT00203_00473.000-00474.950.wav,STT_TT,3,44,1.9499999999999889,wav16k/STT_TT00203_00473.000-00474.950.wav,སྤོ་ཏོ རྨོར་ཏོབྱསནས། དེ་འདྲ་ལབ་སྡོད་ཡ་ཅིག
STT_TT00203_00475.100-00476.100,གང་འཚམ་བྱས་ནས། ཆགས་རྒྱུ་འདུག་གཱ ,gang 'tsham byas nas/_chags rgyu 'dug gA_,https://d38pmlk0v88drf.cloudfront.net/wav16k/STT_TT00203_00475.100-00476.100.wav,STT_TT,3,32,1.0,wav16k/STT_TT00203_00475.100-00476.100.wav,གང་འཚམ་ྱིག་ནས། ཆགས་རྒྱུ་འདུག་གཱ
STT_TT00203_00476.550-00478.550,སྔ་མོ་ཆུང་ཆུང་སྒང་ལ། དིག་སྒྲི་ལི་ལི་བྱས་ནས། འགྲོ་ཐུབ་ངེ་།  ,snga mo chung chung sgang la/_dig sgri li li byas nas/_'gro thub nge /__,https://d38pmlk0v88drf.cloudfront.net/wav16k/STT_TT00203_00476.550-00478.550.wav,STT_TT,3,59,2.0,wav16k/STT_TT00203_00476.550-00478.550.wav,སྔ་མོ་ཆུང་ཆུང་སྐངས་ལ།་སྡིག་སྒྲིག་ལྷིང་ལེང་བྱས་ནས་འགྲོ་ཐུབ་ངེ།
STT_TT00203_00454.450-00456.200,ད་ཡིན་ནས་ང་ཚོ་གང་ཐུབ་ཅི་ཐུབ་གི་ཅིག་བྱེད་ཡ་འདུག་བ།  ,da yin nas nga tsho gang thub ci thub gi cig byed ya 'dug ba/__,https://d38pmlk0v88drf.cloudfront.net/wav16k/STT_TT00203_00454.450-00456.200.wav,STT_TT,3,51,1.75,wav16k/STT_TT00203_00454.450-00456.200.wav,ད་ཡིན་ནའ་། ང་ཚོ་གང་ཐུབ་ཅི་ཐུབ་ཀི་ཅིག་བྱེད་ཡ་འདུག་ག
STT_TT00203_00478.750-00480.000,ཕྱག་བརྒྱ་ཐམ་པ་བཙལ་ཤོག་ལབ་དུས།  ,phyag brgya tham pa btsal shog lab dus/__,https://d38pmlk0v88drf.cloudfront.net/wav16k/STT_TT00203_00478.750-00480.000.wav,STT_TT,3,31,1.25,wav16k/STT_TT00203_00478.750-00480.000.wav,ཕྱག་བརྒྱ་ཐམ་པ་ཙི་ཞིག་ད་ད།
STT_TT00203_00480.200-00483.850,ཅིག་ལ་བཙལ་ཐུབ་ངེ་ཞིག་ཡིན་པ་ཆ་བཞག་ན་ལས། གང་འཚམ། གང་འཚམ་ནས། ཕྱག་བརྒྱ་ཐམ་པ་ཟེར་ཡ་འདི། དཀལ་ལས་ཁག་པོ་ཞེ་བོ་ཞིག ,cig la btsal thub nge zhig yin pa cha bzhag na las/_gang 'tsham/_gang 'tsham nas/_phyag brgya tham pa zer ya 'di/_dkal las khag po zhe bo zhig_,https://d38pmlk0v88drf.cloudfront.net/wav16k/STT_TT00203_00480.200-00483.850.wav,STT_TT,3,106,3.650000000000034,wav16k/STT_TT00203_00480.200-00483.850.wav,ཅིག་ལ་བཙལ་ཐུབ་ངེ་ཅིག་ཡིན་པ་ཆ་བཞག་ན་ལས། གང་འཚམ་གང་འཚམ་ནས་ཕྱག་བརྒྱ་ཐམ་པ་ཟེར་ཡ་དི་དཀའ་ལས་ཁག་པོ་ཞེ་བོ
STT_TT00203_00456.650-00458.700,ད་ལྟ་རེད་བཞག་ཟེར་དགོས་ཡ་དེ་རྒྱུ་མཚན་ག་རེ་ཟེར་གི་འདུག་ན།  ,da lta red bzhag zer dgos ya de rgyu mtshan ga re zer gi 'dug na/__,https://d38pmlk0v88drf.cloudfront.net/wav16k/STT_TT00203_00456.650-00458.700.wav,STT_TT,3,57,2.050000000000012,wav16k/STT_TT00203_00456.650-00458.700.wav,ད་ལྟ་རེད་ཞག་ཟེར་དགོས་ཡ་འདི། རྒྱུ་མཚན་ག་རེ་ཟེར་གི་འདུག་ན།
STT_TT00203_00458.950-00459.750,ང་ཚོའི་ལུས་ཅིག་འདུག་ ,nga tsho'i lus cig 'dug _,https://d38pmlk0v88drf.cloudfront.net/wav16k/STT_TT00203_00458.950-00459.750.wav,STT_TT,3,21,0.8000000000000114,wav16k/STT_TT00203_00458.950-00459.750.wav,ང་ཚོའི་ལུས་ཞིག་འདུག
STT_TT00203_00460.350-00462.200,ལུས་ངག་ཡིད་གསུམ་ཟེར་ཡ་ལུས་ཅིག་འདུག་ ,lus ngag yid gsum zer ya lus cig 'dug _,https://d38pmlk0v88drf.cloudfront.net/wav16k/STT_TT00203_00460.350-00462.200.wav,STT_TT,3,36,1.849999999999966,wav16k/STT_TT00203_00460.350-00462.200.wav,ལུས་ངག་ཡིད་གསུམ་ཟེར་ཡ ལུས་ཞིག་འདུག
STT_TT00203_00462.650-00463.800,ལུས་དེ་ལ་ཚད་འདུག་ ,lus de la tshad 'dug _,https://d38pmlk0v88drf.cloudfront.net/wav16k/STT_TT00203_00462.650-00463.800.wav,STT_TT,3,18,1.150000000000034,wav16k/STT_TT00203_00462.650-00463.800.wav,ལུས་འདི་ལ་ཚད་འདུག
STT_TT00203_00464.500-00466.400,གང་མཚམས་ཅིག་ནས་སྐོ་ར་འགྲོ་མ་ཐུབ་ངེ་།  ,gang mtshams cig nas sko ra 'gro ma thub nge /__,https://d38pmlk0v88drf.cloudfront.net/wav16k/STT_TT00203_00464.500-00466.400.wav,STT_TT,3,38,1.8999999999999773,wav16k/STT_TT00203_00464.500-00466.400.wav,གང་འཚམ་ཅིག་ནས་སྐོར་ར་འགྲོ་མ་ཐུབ་ངེ།
STT_TT00203_00484.700-00487.950,ང་ཚོ་དཔེར་ན། ད་ལྟའི་ལོ་ཚོད་ཁ་ཐུག་ནས། ཕྱག་འཚལ་ཡོང་དུས་དེ་བ། ཕལ་ཆེར་སྐར་མ་རེ་བ།  ,nga tsho dper na/_da lta'i lo tshod kha thug nas/_phyag 'tshal yong dus de ba/_phal cher skar ma re ba/__,https://d38pmlk0v88drf.cloudfront.net/wav16k/STT_TT00203_00484.700-00487.950.wav,STT_TT,3,79,3.25,wav16k/STT_TT00203_00484.700-00487.950.wav,ང་ཚོ་དཔེར་ན། ད་ལྟི་ལོ་ཚད་ཁ་ཐུག་ནས།་ཕྱག་འཚལ་ཡོང་དུས་དེ་བ། ཕལ་ཆེར་སྐར་མ་རེད་བ།
STT_TT00203_00488.200-00494.500,སྐར་མ་བཅོ་ལྔ་། བཅུ་དྲུག བཅུ་བདུན་དེ་འདྲའི་ནང་ལ། པྱག་བརྒྱ་ཙམ་བཙལ་ཐུབ་ཀི་འདུག་གཱ དབུགས་ཏིས་སི་ལ། ཕ་འཚལ་བཞག་དུས་འདུག་གཱ སྐར་མ་བཅོ་ལྔ་ནང་ལ་ཡ་བརྒྱ། བརྒྱ་ཐམ་པ་འགྲོ་ཐུབ་ཀི་འདུག་གཱ ,skar ma bco lnga /_bcu drug_bcu bdun de 'dra'i nang la/_pyag brgya tsam btsal thub ki 'dug gA_dbugs tis si la/_pha 'tshal bzhag dus 'dug gA_skar ma bco lnga nang la ya brgya/_brgya tham pa 'gro thub ki 'dug gA_,https://d38pmlk0v88drf.cloudfront.net/wav16k/STT_TT00203_00488.200-00494.500.wav,STT_TT,3,173,6.300000000000011,wav16k/STT_TT00203_00488.200-00494.500.wav,སྐར་མ་བཅོ་ལྔ་བཅུ་དྲུག་བཅུ་བདུན། དེ་འདྲའ་ནང་ལ་ཕྱག་བརྒྱ་ཙི་བཙལ་ཐུབ་ཀི་འདུག་གཱ དབུགས་ཐེངས་ཅིག་ལ་ཕར་བཙལ་བཞག་དུས་དེ་བ། སྐར་མ་བཅོ་ལྔ་ཚི་ནང་།བརྒྱ བརྒྱ་ཐམ་པ་ཙི་འགྲོ་ཐུབ་ཀི་འདུག་གཱ
STT_TT00203_00466.950-00467.850,ཕྱག་འཚལ་མ་ཐུབ་ངེ་།  ,phyag 'tshal ma thub nge /__,https://d38pmlk0v88drf.cloudfront.net/wav16k/STT_TT00203_00466.950-00467.850.wav,STT_TT,3,20,0.9000000000000341,wav16k/STT_TT00203_00466.950-00467.850.wav,ཕྱག་བཙལ་མ་ཐུབ་ངེ་།
STT_TT00203_00526.550-00531.500,ཨི་ནས་མིག་གི་དཔེ་ཆ་མཐོང་ལ་མ་མཐོང་ལ་གནས་ཚུལ་དེ་སླེབས་ཡོང་དུས་དེ་བ། ང་ཚོ་ཁ་འདོན་བྱེད་གི་ཟེར་ཡ་དེ་དཀའ་ལས་ཁག་པོ་ཆགས།  ,i nas mig gi dpe cha mthong la ma mthong la gnas tshul de slebs yong dus de ba/_nga tsho kha 'don byed gi zer ya de dka' las khag po chags/__,https://d38pmlk0v88drf.cloudfront.net/wav16k/STT_TT00203_00526.550-00531.500.wav,STT_TT,3,114,4.9500000000000455,wav16k/STT_TT00203_00526.550-00531.500.wav,ཨེ་ནས། མིག་གིས་དཔེ་ཆ་མཐོང་ལ་མ་མཐོང་གི་གནས་ཚུལ་དེ་སླེབ་ཡོང་དུས་དེ་བ། ང་ཚོ་ཁ་འདོན་བྱེད་ཀི་ཟེར་ཡ་དེ། དཀའ་ལས་ཁག་པོ་ཆགས།
STT_TT00203_00532.000-00536.000,ཨི་ནས་ང་ཚོ་ད་ལྟ་རྒན་ཁོག་ཨི་འདྲས་ཁག་ཅིག་ཡོང་གི་འདུག་བ། ཨི་ནས་ང་ཚོ་གྲྭ་སའི་ནང་དེ་བ་བླ་རྒན་ཨི་འདྲས་ཁག་ཅིག་ཡོང་གི་འདུག་བ།  ,i nas nga tsho da lta rgan khog i 'dras khag cig yong gi 'dug ba/_i nas nga tsho grwa sa'i nang de ba bla rgan i 'dras khag cig yong gi 'dug ba/__,https://d38pmlk0v88drf.cloudfront.net/wav16k/STT_TT00203_00532.000-00536.000.wav,STT_TT,3,119,4.0,wav16k/STT_TT00203_00532.000-00536.000.wav,ཨེ་ནས། ང་ཚོ་ད་ལྟ།་རྒན་འཁོག་ཨེ་འདྲ་ཁག་ཅིག་ཡོང་གི་འདུག་ག ན། ང་ཚོའ་གྲྭ་སའི་ནང་དེ་བ་ལ། གླ་རྒན་ཨེ་འདྲ་ཁག་ཅིག་ཡོང་གི་འདུག་
STT_TT00203_00495.000-00500.450,གང་འཚམ་ཅིག་ནས། དེ་ལས་ཚད་འདུག་གཱ ག་དུས་ཡིན་ནའང་། ལོ་དྲུག་ཅུ། བདུན་ཅུ། བརྒྱད་ཅུ། དགུ་བཅུ། ག་དུས་སླེབས་ན་ལས། ད་ག་ནང་བཞིན་བཙལ་ཐུབ་ཀི་རེད་བྱས་ནས། འདི་མི་འདུག་གཱ ,gang 'tsham cig nas/_de las tshad 'dug gA_ga dus yin na'ang /_lo drug cu/_bdun cu/_brgyad cu/_dgu bcu/_ga dus slebs na las/_da ga nang bzhin btsal thub ki red byas nas/_'di mi 'dug gA_,https://d38pmlk0v88drf.cloudfront.net/wav16k/STT_TT00203_00495.000-00500.450.wav,STT_TT,3,156,5.449999999999989,wav16k/STT_TT00203_00495.000-00500.450.wav,གང་འཚམ་ཅིག་ནས དེ་ལ་ཚད་འདུག་ག ག་དུས་ཡིན་ནའ་ལོ་དྲུག་ཅུ།་བདུན་ཅུ་བརྒྱད་ཅུ་དགུ་བཅུ། ག་དུས་སླེབས་ན་ལས། ད་ག་ནང་བཞིན་བཙལ་ཐུབ་ཀི་རེད་ཟེ། འདི་མི་འདུག་ག
STT_TT00203_00500.600-00503.600,འདི་བྱས་ཡོང་དུས། ག་རེ་ཟེར་ན། ལུས་ཀིས་དགེ་སྦྱོར་བྱས་ཡ་འདི་དཱ། ལུས་ཀིས།  ,'di byas yong dus/_ga re zer na/_lus kis dge sbyor byas ya 'di dA/_lus kis/__,https://d38pmlk0v88drf.cloudfront.net/wav16k/STT_TT00203_00500.600-00503.600.wav,STT_TT,3,71,3.0,wav16k/STT_TT00203_00500.600-00503.600.wav,དེ་བྱེད་ཡོང་དུས། ག་རེ་ཟེར་ན། ལུས་ཀི་དགེ་སྦྱོར་བྱེད་ཡ་འདི་དང་། ལུས་ཀི
STT_TT00203_00503.800-00505.250,འགུལ་སྐྱོད་བརྒྱབ། ཅིག་བྱས་ཡ་དེ་ལ། མཚན་གཞི་ཞིག ,'gul skyod brgyab/_cig byas ya de la/_mtshan gzhi zhig_,https://d38pmlk0v88drf.cloudfront.net/wav16k/STT_TT00203_00503.800-00505.250.wav,STT_TT,3,46,1.4499999999999886,wav16k/STT_TT00203_00503.800-00505.250.wav,འགུལ་སྐྱོད་བརྒྱབ། ཅིག་བྱེད་ཡ་དེ་ལ་མཚན་གཞི་ཞིག
STT_TT00203_00505.950-00509.350,གང་འཚམ་བྱས་ནས། ང་ཡོང་གི་མི་འདུག ང་འཇོན་གི་མི་འདུག ད་ངས་ཡོང་གི་མི་འདུག་ཟེར་ཡ་ཅིག ,gang 'tsham byas nas/_nga yong gi mi 'dug_nga 'jon gi mi 'dug_da ngas yong gi mi 'dug zer ya cig_,https://d38pmlk0v88drf.cloudfront.net/wav16k/STT_TT00203_00505.950-00509.350.wav,STT_TT,3,80,3.400000000000034,wav16k/STT_TT00203_00505.950-00509.350.wav,གང་འཚམ་ཅིག་ནས། ང་ཡོང་གི་མི་འདུག ང་འཇོན་གི་མི་འདུག ད་ངས་ཡོང་གི་མི་འདུག་ཟེར་ཡ་ཅིག
STT_TT00203_00536.200-00539.800,ཁ་འདོན་དགེ་སྦྱོར་ཅིག་བྱེད་ཀོ་བསམ་གི་འདུག་སྟེ། ཁ་འདོན་དགེ་སྦྱོར་བྱེད་བ་ལ་ནི་དཔེ་ཆ་མཐོང་གི་མི་འདུག་ཟེ ,kha 'don dge sbyor cig byed ko bsam gi 'dug ste/_kha 'don dge sbyor byed ba la ni dpe cha mthong gi mi 'dug ze_,https://d38pmlk0v88drf.cloudfront.net/wav16k/STT_TT00203_00536.200-00539.800.wav,STT_TT,3,100,3.599999999999909,wav16k/STT_TT00203_00536.200-00539.800.wav,ད་ཁ་འདོན་དགེ་སྦྱོར་ཅིག་བྱེད་དགོས་བསམ་གི་འདུག་ྟེ། ཁ་འདོན་དགེ་སྦྱོར་བྱེད་དགོས་ན་ན། དཔེ་ཆ་མཐོང་གི་མི་འདུག་ཟེ མིག
STT_TT00203_00509.550-00510.650,དེ་འདྲ་གི་གནས་ཚུལ་ཅིག་སྒང་ལ་སླེབ་འགྲོ་གི ,de 'dra gi gnas tshul cig sgang la sleb 'gro gi_,https://d38pmlk0v88drf.cloudfront.net/wav16k/STT_TT00203_00509.550-00510.650.wav,STT_TT,3,41,1.099999999999966,wav16k/STT_TT00203_00509.550-00510.650.wav,དེ་འདྲ་གི་གནས་ཚུ་ཅིག་སྒང་ལ་སླེབས་འགྲོ་གི
STT_TT00203_00511.150-00512.900,ད་ད་ག་ནང་བཞིན། ང་ཚོས་ཁ་འདོན་བྱེད་ཡ་འདི། བསམ་བློ་ཞིག་གཏོང་།  ,da da ga nang bzhin/_nga tshos kha 'don byed ya 'di/_bsam blo zhig gtong /__,https://d38pmlk0v88drf.cloudfront.net/wav16k/STT_TT00203_00511.150-00512.900.wav,STT_TT,3,60,1.75,wav16k/STT_TT00203_00511.150-00512.900.wav,ད་ད་ག་ནང་བཞིན། ང་ཚོ་ཁ་འདོན་བྱེད་ཡ་ི་བསམ་བློ་ཞིག་གཏོང་།
STT_TT00203_00513.450-00518.350,ཁ་འདོན་བྱེད་ཡ་འདི་ལ་ལས། མི་ཚེ་ཁོ་རང་། ཁྱོད་དཔེ་སྤོ་ཏོ་རྨོ་ཏོ་ཆགས་ཆགས་བར་དུ། ལོ་དྲུག་ཅུ། བདུན་ཅུ་འགྲོ་འགྲོ་བར་དུ།  ,kha 'don byed ya 'di la las/_mi tshe kho rang /_khyod dpe spo to rmo to chags chags bar du/_lo drug cu/_bdun cu 'gro 'gro bar du/__,https://d38pmlk0v88drf.cloudfront.net/wav16k/STT_TT00203_00513.450-00518.350.wav,STT_TT,3,114,4.899999999999977,wav16k/STT_TT00203_00513.450-00518.350.wav,ཁ་འདོན་བྱེད་ཡ་དེ་ལ་ལའ། མི་ཚེ་ཁོ་རང་ཁྱོད་དཔེ་སྤོ་ཏོ་རྨོ་ཏོ་ཆག་ཆག་བུར་དུ། ལོ་དྲུག་ཅུ་བདུན་ཅུ་འགྲོ་གྲོ་བར་དུ།
STT_TT00203_00518.500-00520.900,ཁྱོད་རང་ཁ་འདོན་ད་ག་རང་བྱེད་ཐུབ་ཀི་རེད་བའི་ཟེར་ན། ད་དེ་ལས།  ,khyod rang kha 'don da ga rang byed thub ki red ba'i zer na/_da de las/__,https://d38pmlk0v88drf.cloudfront.net/wav16k/STT_TT00203_00518.500-00520.900.wav,STT_TT,3,59,2.3999999999999773,wav16k/STT_TT00203_00518.500-00520.900.wav,ཁྱེད་རང་ཁ་འདོན་ད་ག་རང་བྱེད་ཐུབ་ཀི་རེད་བེ་ཟེར་གི་འདུག་ན། ད་དེ་ལས།
STT_TT00203_00522.000-00523.100,ག་རེ་ཟེར་ན། ང་ཚོའི་མིག་ལ་ཚད་ཡོད་རེད།  ,ga re zer na/_nga tsho'i mig la tshad yod red/__,https://d38pmlk0v88drf.cloudfront.net/wav16k/STT_TT00203_00522.000-00523.100.wav,STT_TT,3,38,1.1000000000000227,wav16k/STT_TT00203_00522.000-00523.100.wav,ག་རེ་ཟེར་ན། ང་ཚོའི་མིག་ལ་ཚད།
STT_TT00203_00523.950-00526.300,གང་འཚམ་བྱས་ནས། མིག་གིས་མཐོང་ལ་མ་མཐོང་གི གནས་ཚུལ་ཡོང་ཆོག་གི་འདུག་གཱ ,gang 'tsham byas nas/_mig gis mthong la ma mthong gi_gnas tshul yong chog gi 'dug gA_,https://d38pmlk0v88drf.cloudfront.net/wav16k/STT_TT00203_00523.950-00526.300.wav,STT_TT,3,67,2.349999999999909,wav16k/STT_TT00203_00523.950-00526.300.wav,གང་འཚམ་ཅིག་ནས། མིག་གིས་མཐོང་ལ་མ་མཐོང་གི་གནས་ཚུལ་ཡོང་ཆོག་གི་འདུག་ག
STT_TT00203_00563.900-00567.150,ད་གང་འཚམ་བྱས་ནས། འདི་དཔེ་སྤོ་ཏོ་ཆགས་བཞག དྲུག་ཅུ། བདུན་ཅུ་བར་དུ་འདི་བསྡད་ཀི་རེད་བའི་ཟེར་ན།  ,da gang 'tsham byas nas/_'di dpe spo to chags bzhag_drug cu/_bdun cu bar du 'di bsdad ki red ba'i zer na/__,https://d38pmlk0v88drf.cloudfront.net/wav16k/STT_TT00203_00563.900-00567.150.wav,STT_TT,3,91,3.25,wav16k/STT_TT00203_00563.900-00567.150.wav,ད་གང་འཚམ་ཅིག་ནས། འདི་དཔེ་སྤོ་ཏོ་ཆགས་བྱག་ཨ། དྲུག་ཅུ་བདུན་ཅུ་བར་དུ་འདི་བསྡད་ཀི་རེད་པེ་ཟེར་ན།
STT_TT00203_00567.850-00569.450,ཞེ་བོ་ཞིག་རེད། འདི་ལ་ཁོ་ཚད་ཡོད་རེད།  ,zhe bo zhig red/_'di la kho tshad yod red/__,https://d38pmlk0v88drf.cloudfront.net/wav16k/STT_TT00203_00567.850-00569.450.wav,STT_TT,3,37,1.6000000000000227,wav16k/STT_TT00203_00567.850-00569.450.wav,ཞེ་བོ་ཞིག་རེད། དེ་ལ་ཁོ་ཚད་ཡོད་རེད།
STT_TT00203_00570.000-00572.500,ལོ་ཡ་ཡ་སླེབ་ཡོང་དུས་འདུག་གཱ ཁག་རུ་ཁག་རུ་འགྲོ་ཡ་ཅིག་མ་གཏོགས་ཅིག་གི ,lo ya ya sleb yong dus 'dug gA_khag ru khag ru 'gro ya cig ma gtogs cig gi_,https://d38pmlk0v88drf.cloudfront.net/wav16k/STT_TT00203_00570.000-00572.500.wav,STT_TT,3,66,2.5,wav16k/STT_TT00203_00570.000-00572.500.wav,ལོ་ཡར་ཡ་སླེབས་ཡོང་དུས་དེ་བ། ཁ་རུ་ཁ་རུ་འགྲོ་ཡ་ཞིག་མ་གཏོགས་ཅིག་གི
STT_TT00203_00572.650-00574.050,ཕུན་སུམ་ཚོགས་སུ་འགྲོ་ཡ་ཞིག དཀལ་ལས་ཁག་པོ་ཞེ་དྲག ,phun sum tshogs su 'gro ya zhig_dkal las khag po zhe drag_,https://d38pmlk0v88drf.cloudfront.net/wav16k/STT_TT00203_00572.650-00574.050.wav,STT_TT,3,47,1.3999999999999773,wav16k/STT_TT00203_00572.650-00574.050.wav,ཕུན་སུམ་ཚོགས་འགྲོ་ཡ་ཞིག དཀའ་ལས་ཁག་པོ་ཞེ་དྲག
STT_TT00203_00574.650-00577.250,ཨེ་ནས། གང་འཚམ་གང་འཚམ་ནས། སོ་སོའི་རྒྱུད་ལ་ཡོད་བསྡད་རྒྱོ་གི དྲན་ཤེས་འདི་ཚོ་རླག་བྱས།  ,e nas/_gang 'tsham gang 'tsham nas/_so so'i rgyud la yod bsdad rgyo gi_dran shes 'di tsho rlag byas/__,https://d38pmlk0v88drf.cloudfront.net/wav16k/STT_TT00203_00574.650-00577.250.wav,STT_TT,3,83,2.6000000000000227,wav16k/STT_TT00203_00574.650-00577.250.wav,ཨེ་ནས། གང་འཚམ་གང་འཚམ་ནས། སོ་སོའི་རྒྱུད་ལ་ཡོད་བསྡད་རྒྱོ་གི་དྲན་ཤེས་དེ་ཚོ་བརླག་ྱས།
STT_TT00203_00577.600-00581.000,ཨ་ལས། དཔེ་ཆ་ནང་དོན་བསམ་བློ་གཏང་བྱས། ཅིག་ལག་ལེན་སྐྱེལ་ཡ་ཕ་བཞག ,a las/_dpe cha nang don bsam blo gtang byas/_cig lag len skyel ya pha bzhag_,https://d38pmlk0v88drf.cloudfront.net/wav16k/STT_TT00203_00577.600-00581.000.wav,STT_TT,3,61,3.3999999999999773,wav16k/STT_TT00203_00577.600-00581.000.wav,ཨ་ལས། དཔེ་ཆའི་ནང་དོན་བསམ་བློ་བཏང་བྱས། ཅིག་མ་ལག་ལེན་སྐྱེལ་ཡ་ཕར་བཞག
STT_TT00203_00581.350-00584.350,སོ་སོའི་ཁྱིམ་ཚང་ནང་ལ་ཡོད་བསྡད་རྒྱོ་གི བུ་གུ་རྒན་པ་འདི་དཱ། བུ་གུ་ཆུང་བ་འདི། མིང་ཡ།  ,so so'i khyim tshang nang la yod bsdad rgyo gi_bu gu rgan pa 'di dA/_bu gu chung ba 'di/_ming ya/__,https://d38pmlk0v88drf.cloudfront.net/wav16k/STT_TT00203_00581.350-00584.350.wav,STT_TT,3,83,3.0,wav16k/STT_TT00203_00581.350-00584.350.wav,སོ་སོའི་ཁྱིམ་ཚང་ནང་ལ་ཡོད་བསྡད་རྒྱོ་གི པུ་གུ་རྒན་པ་དེ་དང་། པུ་གུ་ཆུང་ང་དེ་མིང་ཡེ།
STT_TT00203_00540.300-00551.150,ད་ཅིག་མ་ནི་འདྲ་བསགས་དམིགས་བརྩེ་མ་འདྲ་བསགས། འདུག་སི་སྡོད་རྒྱུ་རེད་བཞག་མ་གཏོགས་ཅིག་གི་ ཁ་འདོན་བྱེད་ཡ་དཔེ་ཆ་དེ་ཚོ་གལ་མཐོང་གི་མི་འདུག ད་སྔོན་མ་ཟིན་བཞག་སྒྱོ་དང་ཁ་འདོན་ཏོག་ཙམ་ཏོག་ཙམ་བྱེད་དེ་འཁྱོག་བསྡད་ཡ་དེ་ཚོ་ད་བར་ལམ་བར་ལམ་བྱེད་ནས་ཕར་ཕར་བྱེད་ནས་བརྗེད་འགྲོ་ས་རེད་སི་བྱེད་ནས།  ,da cig ma ni 'dra bsags dmigs brtse ma 'dra bsags/_'dug si sdod rgyu red bzhag ma gtogs cig gi _kha 'don byed ya dpe cha de tsho gal mthong gi mi 'dug_da sngon ma zin bzhag sgyo dang kha 'don tog tsam tog tsam byed de 'khyog bsdad ya de tsho da bar lam bar lam byed nas phar phar byed nas brjed 'gro sa red si byed nas/__,https://d38pmlk0v88drf.cloudfront.net/wav16k/STT_TT00203_00540.300-00551.150.wav,STT_TT,3,269,10.850000000000025,wav16k/STT_TT00203_00540.300-00551.150.wav,ད་ཅིག་མ་ཎི་འདྲ་བསགས། དམིགས་བརྩེ་མ་འདྲ་བསགས། འདུག་སེ་སྡོད་རྒྱུ་རེ་ཞིག་མ་གཏོགས་ཅིག་གི ད་ཁ་འདོན་བྱེད་ཡ་དཔེ་ཆ་དེ་ཚོ། གེ་མཐོང་གི་མི་འདུག ད་སྔོན་མ་ཟིམ་བཞག་རྒྱོ་དང། ཁ་འདོན་ཏོག་ཙི་ཏིག་ཙི་བྱས་བྱས། འཁྱོར་སྡོད་ཡ་དེ་ཚོ། ད་བར་ལམ་ཕ་ལྷམ་བྱས། ཕ་ཕ་བརྗེད་འགྲོ་ས་རེད་བྱས་ནས།
STT_TT00203_00585.550-00587.050,ལྟོས་ཡ། ཁྱོད་མིང་ལ་ཅིག་ཟ། རེད་བྱས ,ltos ya/_khyod ming la cig za/_red byas_,https://d38pmlk0v88drf.cloudfront.net/wav16k/STT_TT00203_00585.550-00587.050.wav,STT_TT,3,34,1.5,wav16k/STT_TT00203_00585.550-00587.050.wav,ལྟོས་ཨ། ཁྱོད་མིང་ལ་ཅིག་ཟ་རེད་བེ་ནབྱས།
STT_TT00203_00587.550-00592.450,ཅིག་འདུག་གཱ དེ་ཅིག ཁོ་ཏག་ཏག་ཅི་ཡ་བསྡད་ཀི་མི་འདུག་གཱ ཅ་ལག་དེ་ཚོ། རིམ་པའི་རིམ་པའི། རིམ་པའི་རིམ་པའི། རིམ་པའི་བྱས་ནས། ཁོ་རྫོགས་འགྲོ་གི་འདུག་གཱ ,cig 'dug gA_de cig_kho tag tag ci ya bsdad ki mi 'dug gA_ca lag de tsho/_rim pa'i rim pa'i/_rim pa'i rim pa'i/_rim pa'i byas nas/_kho rdzogs 'gro gi 'dug gA_,https://d38pmlk0v88drf.cloudfront.net/wav16k/STT_TT00203_00587.550-00592.450.wav,STT_TT,3,139,4.900000000000091,wav16k/STT_TT00203_00587.550-00592.450.wav,ཅིག་འདུག་ག་དེ་ཅིག ཁོ་ཏག་ཏག་ཅིག་ཡ་བསྡད་ཀི་མི་འདུག་གཱ ཅ་ལག་དེ་ཚོ་རིམ་པ་ི་པརིམ་པས་བྱས་ནས། ཁོ་རྫོགས་འགྲོ་གི་འདུག་གཱ
STT_TT00203_00551.300-00552.750,ད་ཁ་འདོན་བྱེད་ཡ་དེ་ལ་གང་མཚམས་ཞིག་ནས།  ,da kha 'don byed ya de la gang mtshams zhig nas/__,https://d38pmlk0v88drf.cloudfront.net/wav16k/STT_TT00203_00551.300-00552.750.wav,STT_TT,3,38,1.4500000000000457,wav16k/STT_TT00203_00551.300-00552.750.wav,ད་ཁ་འདོན་བྱེད་ཡ་དེ་ལ། གང་འཚམ་ཞིག་ནས།
STT_TT00203_00592.850-00601.100,ད་ང་ཚོ། ད་ལྟ་དུས་ཚོད་དེ་འདྲ་ཞིག་ཡོད་རེད། ད་ལྟ་ང་ཚོས་དེ། ཆུ་ཚོད་གཉིས་གསུམ་བྱས་སྡུག་རུས་རྒྱག་གི་ཡོད་རེད། དེ་འདྲ་གི་སྡུག་རུས་རྒྱག་ཡ་འདི། སོ་སོས་ལུས་ཀིས་ཐོག་ནའང་རྒྱག་ཐུབ་ཀི་ཡོད་རེད། ངག་གིས་ཐོག་ནས་ ཅིག་བྱས་ཐུབ་ཀི་ཡོད་རེད།  ,da nga tsho/_da lta dus tshod de 'dra zhig yod red/_da lta nga tshos de/_chu tshod gnyis gsum byas sdug rus rgyag gi yod red/_de 'dra gi sdug rus rgyag ya 'di/_so sos lus kis thog na'ang rgyag thub ki yod red/_ngag gis thog nas _cig byas thub ki yod red/__,https://d38pmlk0v88drf.cloudfront.net/wav16k/STT_TT00203_00592.850-00601.100.wav,STT_TT,3,218,8.25,wav16k/STT_TT00203_00592.850-00601.100.wav,ད་ང་ཚོ་ད་ལྟ་དུས་ཚོད་དེ་འདྲ་ཞིག་ཡོད་རེད། ད་ལྟ་ང་ཚོ་དེ། ཆུ་ཚོད་གཉིས་གསུམ་ཞིག་སྡུག་རུས་རྒྱག་གི་ཡོད་རེད། དེ་འདྲ་གི་སྡུག་རུས་རྒྱག་ཡ་དི། སོ་སོའི་ལུས་ཀི་ཐོག་ནས་རྒྱག་ཐུབ་ཀི་ཡོད་རེད། ངག་གི་ཐོག་ནས་ཅིག་བྱེད་ཐུབ་ཀི་ཡོད་རེད།
STT_TT00203_00601.350-00602.900,བསམ་བློ་ཞིག་གཏང་པ་ཡིན་ན་ལས། ཅིག་གཏང་ཐུབ་ཀི་ཡོད་རེད།  ,bsam blo zhig gtang pa yin na las/_cig gtang thub ki yod red/__,https://d38pmlk0v88drf.cloudfront.net/wav16k/STT_TT00203_00601.350-00602.900.wav,STT_TT,3,53,1.5499999999999543,wav16k/STT_TT00203_00601.350-00602.900.wav,བསམ་བློ་ཞིག་བཏང་པ་ཡིན་ན་ལས། ཅིག་གཏང་ཐུབ་ཀི་ཡོད་རེད།
STT_TT00203_00603.250-00605.750,ད་ལྟ་ལུས་ངག་ཡིད་གསུམ་ཀ་ལོ་གི་ཐོག་ནས། ཅིག་བྱས་པ་ཡིན་ན།  ,da lta lus ngag yid gsum ka lo gi thog nas/_cig byas pa yin na/__,https://d38pmlk0v88drf.cloudfront.net/wav16k/STT_TT00203_00603.250-00605.750.wav,STT_TT,3,55,2.5,wav16k/STT_TT00203_00603.250-00605.750.wav,ད་ལྟ་ལུས་ངག་ཡིད་གསུམ་ཀ་ལོ་གི་ཐོག་ནས། ཅིག་བྱས་པ་ཡིན་ན།
STT_TT00203_00553.050-00553.550,མཚམས་ཅིག་འདུག་ ,mtshams cig 'dug _,https://d38pmlk0v88drf.cloudfront.net/wav16k/STT_TT00203_00553.050-00553.550.wav,STT_TT,3,15,0.5,wav16k/STT_TT00203_00553.050-00553.550.wav,མཚམས་ཞིག་འདུག
STT_TT00203_00554.700-00557.500,གང་མཚམས་ནས་ངས་སྐྱོར་ཐུབ་གི་མི་འདུག ང་ཡང་ཁ་ཁོ་རང་གྲགས་ཐུབ་གི་མི་འདུག་སི།  ,gang mtshams nas ngas skyor thub gi mi 'dug_nga yang kha kho rang grags thub gi mi 'dug si/__,https://d38pmlk0v88drf.cloudfront.net/wav16k/STT_TT00203_00554.700-00557.500.wav,STT_TT,3,73,2.7999999999999545,wav16k/STT_TT00203_00554.700-00557.500.wav,གང་འཚམ་ཅིག་ནས། ངས་སྐྱོར་ཐུབ་ཀི་མི་འདུག ང་ཡར་ཁ་ཁོ་རང་དྲག་ཐུབ་ཀི་མི་འདུག་།
STT_TT00203_00557.800-00559.250,ད་ང་སེམས་ནང་ལ་སྐྱོར་གི་ཡོད་བྱས།  ,da nga sems nang la skyor gi yod byas/__,https://d38pmlk0v88drf.cloudfront.net/wav16k/STT_TT00203_00557.800-00559.250.wav,STT_TT,3,33,1.4500000000000457,wav16k/STT_TT00203_00557.800-00559.250.wav,ད་ང་སེམས་ནང་ནས་སྐྱོ་གི་ཡོད་ྱ།
STT_TT00203_00559.650-00562.500,དཔེར་ན་ང་ཡང་ད་ལྟ་དེ་ནས་མར་བཤད་ཡོང་དུས་དེ་བ། སྐད་གསང་པོ་སྐད་ཆེན་པོ།  ,dper na nga yang da lta de nas mar bshad yong dus de ba/_skad gsang po skad chen po/__,https://d38pmlk0v88drf.cloudfront.net/wav16k/STT_TT00203_00559.650-00562.500.wav,STT_TT,3,68,2.8500000000000227,wav16k/STT_TT00203_00559.650-00562.500.wav,དཔེར་ན། ང་ཡང་ད་ལྟ།་འདི་ནས་མར་བཤད་ཡོང་དུས་དེ་བ། སྐད།་གསང་པོ། སྐད་ཆེན་པོ།
STT_TT00203_00562.750-00563.550,ཞི་པོ་ཅིག་བརྒྱབ་ཐུབ་གི་འདུག་བ།  ,zhi po cig brgyab thub gi 'dug ba/__,https://d38pmlk0v88drf.cloudfront.net/wav16k/STT_TT00203_00562.750-00563.550.wav,STT_TT,3,32,0.7999999999999545,wav16k/STT_TT00203_00562.750-00563.550.wav,ཞེ་བོ་ཞིག་རྒྱག་ཐུབ་ཀི་འདུག་ག
STT_TT00203_00628.700-00629.800,ད་དེ་རིང་ནས་བཟུང་ཏེ་ ,da de ring nas bzung te _,https://d38pmlk0v88drf.cloudfront.net/wav16k/STT_TT00203_00628.700-00629.800.wav,STT_TT,3,21,1.099999999999909,wav16k/STT_TT00203_00628.700-00629.800.wav,ད་དེ་རིང་ནས་བཟུང་སྟེ།
STT_TT00203_00630.200-00631.250,ཚར་གསུམ་པོ་མཚམས་ཆོད་པའི་བཟོ།  ,tshar gsum po mtshams chod pa'i bzo/__,https://d38pmlk0v88drf.cloudfront.net/wav16k/STT_TT00203_00630.200-00631.250.wav,STT_TT,3,30,1.0499999999999543,wav16k/STT_TT00203_00630.200-00631.250.wav,ཚར་སུང་།་མཚམས་ཆོད་པའི་ཟོ།
STT_TT00203_00632.050-00634.750,ད་ད་ག་ནང་བཞིན་ང་ཚོ་ཁ་འདོན་བྱེད་ཡ་དེ། གང་མཚམས་གང་མཚམས་ནས་ཁོ་མཚམས་ཆོད་ཡ་འདུག ,da da ga nang bzhin nga tsho kha 'don byed ya de/_gang mtshams gang mtshams nas kho mtshams chod ya 'dug_,https://d38pmlk0v88drf.cloudfront.net/wav16k/STT_TT00203_00632.050-00634.750.wav,STT_TT,3,75,2.700000000000045,wav16k/STT_TT00203_00632.050-00634.750.wav,ད་ད་ག་ནང་བཞིན་ང་ཚོ་ཁ་འདོན་བྱེད་ཡ་དེ། གང་འཚམ་གང་འཚམ་ནས། ཁོ་མཚམས་ཆོད་ཡ་འདུག
STT_TT00203_00635.350-00638.200,དེ་སོང་ཙང་ད་ལྟ་ང་ཚོ་མཐུན་རྐྱེན་དེ་འདྲས་འཛོམས་བསྡད་ཡ་ཅིག་ ,de song tsang da lta nga tsho mthun rkyen de 'dras 'dzoms bsdad ya cig _,https://d38pmlk0v88drf.cloudfront.net/wav16k/STT_TT00203_00635.350-00638.200.wav,STT_TT,3,57,2.8500000000000227,wav16k/STT_TT00203_00635.350-00638.200.wav,དེ་སོང་ཙང་ད་ད་ལྟི་ང་ཚོའི་མཐུན་རྐྱེན་དེ་འདྲ་འཛོམས་སྡོད་ཡ་ཅིག
STT_TT00203_00638.350-00639.850,ད་ལྟ་དེ་གུང་ཐང་ཐམས་ཅད་མཁྱེན་པས་གསུངས་གི་འདུག་བ།  ,da lta de gung thang thams cad mkhyen pas gsungs gi 'dug ba/__,https://d38pmlk0v88drf.cloudfront.net/wav16k/STT_TT00203_00638.350-00639.850.wav,STT_TT,3,49,1.5,wav16k/STT_TT00203_00638.350-00639.850.wav,ད་ལྟ་དེ། གུན་ཐང་ཐམས་ཅད་མཁྱེན་པས་གསུང་གི་འདུག་གཱ
STT_TT00203_00640.000-00644.400,ཡང་ཡང་རྙེད་པར་དཀའ་བ། ད་འདི་འདྲས་ཅིག་ལོ་གཅིག་ཕྱིན་ལོ་གཉིས་ཕྱིན་ལོ་གསུམ་ཕྱིན།  ,yang yang rnyed par dka' ba/_da 'di 'dras cig lo gcig phyin lo gnyis phyin lo gsum phyin/__,https://d38pmlk0v88drf.cloudfront.net/wav16k/STT_TT00203_00640.000-00644.400.wav,STT_TT,3,77,4.399999999999977,wav16k/STT_TT00203_00640.000-00644.400.wav,ཡང་ཡང་རྙེད་པར་དཀའ་བ། ད་དེ་འདྲ་ཅིག ལོ་གཅིག་ཕྱིན། ལོ་གཉིས་ཕྱིན། ལོ་གསུམ་ཕྱིན།
STT_TT00203_00644.550-00646.150,འདུག་སི་མར་དུས་ཚོད་ཕྱིན་བྱས།  ,'dug si mar dus tshod phyin byas/__,https://d38pmlk0v88drf.cloudfront.net/wav16k/STT_TT00203_00644.550-00646.150.wav,STT_TT,3,30,1.6000000000000227,wav16k/STT_TT00203_00644.550-00646.150.wav,འདུག་སེ་མར་དུས་ཚོད་ཕྱིན་བྱས།
STT_TT00203_00646.450-00653.250,ཆུ་ཚོད་སྐར་མ་རེ་རེ་ཕྲག་ཕྲག་ཕྲག་ཕྲག་བྱེད་ནས་མར་རྒྱུགས་འགྲོ་དུས་དེ་བ། ཁོ་རྙེད་ཁག་རུ་ཁག་རུ་དང་ཁོ་དཀོན་རུ་དཀོན་རུ་དང་། ཁོ་མ་ཡོང་པ་ཚ་རུ་ཚ་རུ་འགྲོ་གི་ཡོད་རེད་མ་གཏོགས་བགྱི་གི་ ,chu tshod skar ma re re phrag phrag phrag phrag byed nas mar rgyugs 'gro dus de ba/_kho rnyed khag ru khag ru dang kho dkon ru dkon ru dang /_kho ma yong pa tsha ru tsha ru 'gro gi yod red ma gtogs bgyi gi _,https://d38pmlk0v88drf.cloudfront.net/wav16k/STT_TT00203_00646.450-00653.250.wav,STT_TT,3,169,6.7999999999999545,wav16k/STT_TT00203_00646.450-00653.250.wav,ཆུ་ཚོད་སྐར་མ་རེ་རེ་ཁྲག་ྲགག་རཁྲག་བྱས་ནས། མར་རྒྱུག་འགྲོ་དུས་དེ་བ། ཁོ་རྙེད་ཁ་རུ་ཁག་རེད་ད། ཁོ་ཀོང་སཀོང་རེད་ད། ཁོ་མ་ཡོང་པ་ཚ་རུ་ཚ་རུ་འགྲོ་གི་ཡོད་རེད་མ་གཏོགས་ཅིག
STT_TT00203_00653.650-00655.900,ཁོ་ཡ་ཡག་རུ་ཡག་རུ་དང་སྤུས་དག་རུ་དག་རུ་འགྲོ་ཡ་ཡོད་མ་རེད་ད།  ,kho ya yag ru yag ru dang spus dag ru dag ru 'gro ya yod ma red da/__,https://d38pmlk0v88drf.cloudfront.net/wav16k/STT_TT00203_00653.650-00655.900.wav,STT_TT,3,58,2.25,wav16k/STT_TT00203_00653.650-00655.900.wav,ཁོ་ཡར་ཡག་རུ་ཡག་རུ་ད། སྤུས་དག་རུ་འགྲོ་ཡ་ཡོད་མ་རེད་ད།
STT_TT00203_00656.300-00658.250,སྤྱི་བཏང་ང་ཚོ་དཔེ་ཆ་ནང་ལ་དེ་བཤད་བསྡད་དུས་དེ་བ།  ,spyi btang nga tsho dpe cha nang la de bshad bsdad dus de ba/__,https://d38pmlk0v88drf.cloudfront.net/wav16k/STT_TT00203_00656.300-00658.250.wav,STT_TT,3,48,1.9500000000000453,wav16k/STT_TT00203_00656.300-00658.250.wav,སྤྱིར་བཏང་ང་ཚོ་དཔེ་ཆ་ནང་ལ།བཤད་བསྡད་དུས་དེ་བ།
STT_TT00203_00659.050-00663.600,བཞི་བཅུ་ཡར་ལོངས་ཚར་སོང་ན། ཨི་ནས་གཟུགས་པོ་ཡར་ཡག་རུ་འགྲོ་ཡ་ཟེར་ཡ་དེ་ད་སྤྱི་བཏང་ཡོད་མ་རེད་གསུངས་གི་འདུག་བ།  ,bzhi bcu yar longs tshar song na/_i nas gzugs po yar yag ru 'gro ya zer ya de da spyi btang yod ma red gsungs gi 'dug ba/__,https://d38pmlk0v88drf.cloudfront.net/wav16k/STT_TT00203_00659.050-00663.600.wav,STT_TT,3,105,4.550000000000068,wav16k/STT_TT00203_00659.050-00663.600.wav,ུཅུ་ཡར་ལོངས་ཚར་སོང་ན། ཨེ་ནས། གཟུགས་པོ་ཡར་ཡག་རུ་འགྲོ་ཡ་ཟེར་ཡ་འདི། ད་སྤྱིར་བཏང་ཡོད་མ་རེད་གསུངས་ཀི་འདུག་གཱ
STT_TT00203_00663.900-00665.350,ད་མར་རྒུད་ཡོང་ཡ་གང་དེ།  ,da mar rgud yong ya gang de/__,https://d38pmlk0v88drf.cloudfront.net/wav16k/STT_TT00203_00663.900-00665.350.wav,STT_TT,3,24,1.4500000000000457,wav16k/STT_TT00203_00663.900-00665.350.wav,ད་མར་འྒུས་ཡོང་ཡ་སྒང་དེ།
STT_TT00203_00665.650-00666.700,ད་རྒུད་ཡ་འགོ་བཙུགས་པ་རེད།  ,da rgud ya 'go btsugs pa red/__,https://d38pmlk0v88drf.cloudfront.net/wav16k/STT_TT00203_00665.650-00666.700.wav,STT_TT,3,27,1.0500000000000682,wav16k/STT_TT00203_00665.650-00666.700.wav,ད་འགུ་ཡ་འགོ་བཙུགས་པ་རེད།
STT_TT00203_00667.700-00670.750,བཞི་ཅུ་མ་ཟིན་བར་དུ་ད་སུམ་ཅུ་སོ་བདུན་སོ་བརྒྱད་སོ་དགུ་བཞི་བཅུ་དེ་བར་དུ།  ,bzhi cu ma zin bar du da sum cu so bdun so brgyad so dgu bzhi bcu de bar du/__,https://d38pmlk0v88drf.cloudfront.net/wav16k/STT_TT00203_00667.700-00670.750.wav,STT_TT,3,71,3.0499999999999545,wav16k/STT_TT00203_00667.700-00670.750.wav,བཞི་བཅུ་མ་ཟིན་བར་དུ། ད་སུམ་ཅུ་སོ་བདུན།་སོ་བརྒྱད། སོ་དགུ།་བཞི་བཅུ། འདི་བར་དུ།
STT_TT00203_00670.900-00672.250,གཟུགས་པོ་ཡར་ཡག་རུ་འགྲོ་ཡ་ཡོད་རེད།  ,gzugs po yar yag ru 'gro ya yod red/__,https://d38pmlk0v88drf.cloudfront.net/wav16k/STT_TT00203_00670.900-00672.250.wav,STT_TT,3,35,1.3500000000000227,wav16k/STT_TT00203_00670.900-00672.250.wav,གཟུགས་པོ་ཡར་ཡག་རུ་འགྲོ་ཡ་ཡོད་རེད།
STT_TT00203_00672.900-00674.900,ཕྱག་དེ་འདྲས་འཚལ་པ་ཡིན་ནས་འདྲ། རྒྱུགས་ཤར་དེ་འདྲས་སློབ་པ་ཡིན་ནས་འདྲ།  ,phyag de 'dras 'tshal pa yin nas 'dra/_rgyugs shar de 'dras slob pa yin nas 'dra/__,https://d38pmlk0v88drf.cloudfront.net/wav16k/STT_TT00203_00672.900-00674.900.wav,STT_TT,3,68,2.0,wav16k/STT_TT00203_00672.900-00674.900.wav,ཕྱག་དེ་འདྲ་འཚལ་ཡིན་ནའང་འདྲ། རྒྱུག་ཤར་དེ་འདྲ་གློད་ཡིན་ནའང་འདྲ།
STT_TT00203_00675.200-00676.600,ལུས་རྩལ་དེ་འདྲས་རྩེ་ཅིག་བྱས་ན་ལི།  ,lus rtsal de 'dras rtse cig byas na li/__,https://d38pmlk0v88drf.cloudfront.net/wav16k/STT_TT00203_00675.200-00676.600.wav,STT_TT,3,35,1.3999999999999773,wav16k/STT_TT00203_00675.200-00676.600.wav,ལུས་རྩལ་དེ་འདྲ་རྩིས། ཅིག་བྱས་ན་ལས།
STT_TT00203_00676.950-00677.900,གཟུགས་པོ་ཡག་རུ་འགྲོ་ཡ་ཡོད་རེད།  ,gzugs po yag ru 'gro ya yod red/__,https://d38pmlk0v88drf.cloudfront.net/wav16k/STT_TT00203_00676.950-00677.900.wav,STT_TT,3,32,0.9499999999999318,wav16k/STT_TT00203_00676.950-00677.900.wav,གཟུགས་པོ་ཡར་འགྲོ་ཡ་ཡོད་རེད།
STT_TT00203_00678.650-00681.450,ད་ལོ་བཞི་བཅུ་ཟིན་ཚར་སོང་ན་ད་མར་མ་གཏོགས།  ,da lo bzhi bcu zin tshar song na da mar ma gtogs/__,https://d38pmlk0v88drf.cloudfront.net/wav16k/STT_TT00203_00678.650-00681.450.wav,STT_TT,3,41,2.800000000000068,wav16k/STT_TT00203_00678.650-00681.450.wav,ད་ལོ་བཞི་བཅུ་ཟིམ་ཚར་སོང་ན། ད་མར་མ་གཏོགས།
STT_TT00203_00681.900-00682.650,ཡར་འགྲོ་ཡ་དཀའ་ལས་ཁག་པོ་རེད།  ,yar 'gro ya dka' las khag po red/__,https://d38pmlk0v88drf.cloudfront.net/wav16k/STT_TT00203_00681.900-00682.650.wav,STT_TT,3,29,0.75,wav16k/STT_TT00203_00681.900-00682.650.wav,ཡར་འགྲོ་ཡ་དཀའ་ལས་ཁག་པོ།
STT_TT00203_00682.800-00683.300,ཞེ་བོ་ཅིག་ཡོད་རེད།  ,zhe bo cig yod red/__,https://d38pmlk0v88drf.cloudfront.net/wav16k/STT_TT00203_00682.800-00683.300.wav,STT_TT,3,20,0.5,wav16k/STT_TT00203_00682.800-00683.300.wav,ཞེ་བོ་ཅིག་ཡོད་རེད།
STT_TT00203_00685.050-00685.700,ད་ང་ཚོས་ཅིག་ ,da nga tshos cig _,https://d38pmlk0v88drf.cloudfront.net/wav16k/STT_TT00203_00685.050-00685.700.wav,STT_TT,3,13,0.650000000000091,wav16k/STT_TT00203_00685.050-00685.700.wav,ད་ང་ཚོས་ཞི་
STT_TT00203_00685.850-00687.750,ལྔ་ཅུ་ཟིན་པ་རེད་དྲུག་ཅུ་ཟིན་པ་རེད་བདུན་ཅུ་ཟིན་པ་རེད།  ,lnga cu zin pa red drug cu zin pa red bdun cu zin pa red/__,https://d38pmlk0v88drf.cloudfront.net/wav16k/STT_TT00203_00685.850-00687.750.wav,STT_TT,3,54,1.8999999999999773,wav16k/STT_TT00203_00685.850-00687.750.wav,ཟིན་པ་རེད། ལྔ་བཅུ་ཟིན་པ་རེད། དྲུག་ཅུ་ཟིན་པ་རེད། བདུན་ཅུ་ཟི།
STT_TT00203_00688.050-00689.850,ད་ཡར་ཡར་འགྲོ་ཡ་དཀའ་ལས་ཁག་པོ་ཞེ་བོ་ཅིག་རེད་བ།  ,da yar yar 'gro ya dka' las khag po zhe bo cig red ba/__,https://d38pmlk0v88drf.cloudfront.net/wav16k/STT_TT00203_00688.050-00689.850.wav,STT_TT,3,46,1.8000000000000682,wav16k/STT_TT00203_00688.050-00689.850.wav,ད་ཡར་ཡར་འགྲོ་ཡ་དཀའ་ལས་ཁག་པོ་ཞེ་བོ་ཅིག་རེད་བ།
STT_TT00203_00690.400-00693.550,ད་ང་ཚོ་ག་རེ་བྱེད་རྒྱུ་རེད་ཟེར་ལབ་ཡོང་དུས་དེ་བ། ངས་ད་གིན་ཟེར་བ་ནང་བཞིན་བྱེད་ནས་འདི་ནས་མར།  ,da nga tsho ga re byed rgyu red zer lab yong dus de ba/_ngas da gin zer ba nang bzhin byed nas 'di nas mar/__,https://d38pmlk0v88drf.cloudfront.net/wav16k/STT_TT00203_00690.400-00693.550.wav,STT_TT,3,90,3.1499999999999773,wav16k/STT_TT00203_00690.400-00693.550.wav,ད་ང་ཚོ་ག་རེ་བྱེད་རྒྱུ་རེད་ཟེ་ལབ་ཡོང་དུས་དེ་བ། ངས་ད་གིན་ཟེར་བ་ནང་བཞིན་བྱས་ནས། འདི་ནས་མ།
STT_TT00203_00694.550-00695.150,བསམ་བློ་ནང་ལ་ཡ་ ,bsam blo nang la ya _,https://d38pmlk0v88drf.cloudfront.net/wav16k/STT_TT00203_00694.550-00695.150.wav,STT_TT,3,16,0.6000000000000227,wav16k/STT_TT00203_00694.550-00695.150.wav,བསམ་བློའི་ནང་ལ་ཡ།
STT_TT00203_00696.000-00698.100,ད་ག་ནང་བཞིན་གི་ཅིག་དེ་ནས་མར་བཤད་བསྡད་ཡ་གི་གསུངས་ཆོས་གི་དོན་དག་ ,da ga nang bzhin gi cig de nas mar bshad bsdad ya gi gsungs chos gi don dag _,https://d38pmlk0v88drf.cloudfront.net/wav16k/STT_TT00203_00696.000-00698.100.wav,STT_TT,3,63,2.1000000000000227,wav16k/STT_TT00203_00696.000-00698.100.wav,ད་ག་ནང་བཞིན་གི་ཅིག་འདི་ནས་མར་བཤད་སྡད་ཡ་གི་གསུང་ཆོས་ཀི་དོན་དག
STT_TT00203_00698.400-00699.550,སྤྱོད་འཇུག་ཆེན་མོའི་དོན་དག་དེ་གས་ཡོད་རེད་བ།  ,spyod 'jug chen mo'i don dag de gas yod red ba/__,https://d38pmlk0v88drf.cloudfront.net/wav16k/STT_TT00203_00698.400-00699.550.wav,STT_TT,3,45,1.1499999999999773,wav16k/STT_TT00203_00698.400-00699.550.wav,སྤྱོད་འཇུག་ཆེན་མོའི་དོན་དག་འདེ་གས་ཡོད་རེད་བ།
STT_TT00203_00699.900-00702.850,དེ་གས་རེ་རེ་བཞིན་དུ་ང་ཚོ་ཀླད་པའི་ནང་ལ་བླུག་ཐུབ་པ་བྱེད་དགོས་ཡ་དེ་གལ་ཆེན་པོ་ཞི་པོ་ཅིག་རེད།  ,de gas re re bzhin du nga tsho klad pa'i nang la blug thub pa byed dgos ya de gal chen po zhi po cig red/__,https://d38pmlk0v88drf.cloudfront.net/wav16k/STT_TT00203_00699.900-00702.850.wav,STT_TT,3,90,2.950000000000045,wav16k/STT_TT00203_00699.900-00702.850.wav,འདི་གས་རེ་རེ་བྱས་ནས། ང་ཚོའ་ཀླད་པའི་ནང་ལ་བླུག་ཐུབ་པ་བྱེད་དགོས་ཡ་འདི། གལ་ཆེན་པོ་ཞེ་བོ་ཞིག་རེད།
STT_TT00203_00703.250-00706.050,ག་རེ་ཟེར་ན་གང་མཚམས་ཅིག་ལ་ང་ཚོས་དཔེ་ཆ་ཡིན་ནས་ལི་ལྟ་མ་ཐུབ་པ།  ,ga re zer na gang mtshams cig la nga tshos dpe cha yin nas li lta ma thub pa/__,https://d38pmlk0v88drf.cloudfront.net/wav16k/STT_TT00203_00703.250-00706.050.wav,STT_TT,3,60,2.7999999999999545,wav16k/STT_TT00203_00703.250-00706.050.wav,ག་རེ་ཟེར་ན། གང་འཚམ་ཅིག་ནས། ང་ཚོ་དཔེ་ཆ་ཡིན་ན་ལས་ལྟ་མ་ཐུབ་པ།
STT_TT00203_00706.300-00712.450,རྩེ་སྐོར་གླིང་སྐོར་མིན་ན་ལ་འགྲོ་མ་ཐུབ་པ། ཕྱག་ཡིན་ན་ལི་འཚལ་མ་ཐུབ་པ། དེ་འདྲས་གི་པོ་ཏོ་རྨོ་ཏོ། ཡང་མིན་ན་པོ་ཏོ་རྨོ་ཏོ་མིན་ན་ཡང་ཅིག་ན་ཚ་དེ་འདྲས་ཅིག་ཕོག་ ,rtse skor gling skor min na la 'gro ma thub pa/_phyag yin na li 'tshal ma thub pa/_de 'dras gi po to rmo to/_yang min na po to rmo to min na yang cig na tsha de 'dras cig phog _,https://d38pmlk0v88drf.cloudfront.net/wav16k/STT_TT00203_00706.300-00712.450.wav,STT_TT,3,148,6.150000000000091,wav16k/STT_TT00203_00706.300-00712.450.wav,རྩེ་སྐོར་གླིང་སྐོར་ལ་ཡིན་ན། འགྲོ་མ་ཐུབ་པ། ཕྱག་ཡིན་ན་ལ།་བཙལ་མ་ཐུབ་པ། དེ་འདྲ་གི སྤོ་ཏོ་རྨོ་ཏོ། ཡང་མིན་ན། སྤོ་ཏོ་རྨོ་ཏོ་མེད་ནཡང་།ཅིག་ན་ཚ་དེ་འདྲ་ཞིག་ཕོག
STT_TT00203_00713.100-00714.950,དེ་འདྲས་ཅིག་གི་ཐོག་ནས་ང་ཚོ་ཕྱིན་སོང་ན།  ,de 'dras cig gi thog nas nga tsho phyin song na/__,https://d38pmlk0v88drf.cloudfront.net/wav16k/STT_TT00203_00713.100-00714.950.wav,STT_TT,3,40,1.8500000000000227,wav16k/STT_TT00203_00713.100-00714.950.wav,དེ་འདྲ་ཅིག་གི་ཐོག་ནས། ང་ཚོ་ཁྲིད་སོང་ན།
STT_TT00202_00997.150-00998.550,ད་བསམ་བློ་ད་གེ་དེ་ག་རང་བཏང་ཤོག ,da bsam blo da ge de ga rang btang shog_,https://d38pmlk0v88drf.cloudfront.net/wav16k/STT_TT00202_00997.150-00998.550.wav,STT_TT,3,31,1.3999999999999773,wav16k/STT_TT00202_00997.150-00998.550.wav,ད་བསམ་བློ་ད་གི་ད་ག་རང་གཏོང་ཤོག
STT_TT00203_00715.100-00716.650,ལུས་གི་ཐོག་ནས་དགེ་སྦྱོར་མ་ཐུབ་ན་འགྲིག་གི་འདུག་བ།  ,lus gi thog nas dge sbyor ma thub na 'grig gi 'dug ba/__,https://d38pmlk0v88drf.cloudfront.net/wav16k/STT_TT00203_00715.100-00716.650.wav,STT_TT,3,50,1.5499999999999543,wav16k/STT_TT00203_00715.100-00716.650.wav,ལུས་ཀི་ཐོག་ནས། དགེ་སྦྱོར་མ་ཐོན་ན་འགྲིག་གི་འདུག་གཱ
STT_TT00203_00716.900-00718.550,ངག་གི་ཐོག་ནས་དགེ་སྦྱོར་བྱེད་མ་ཐུབ་ན་འགྲིག་གི་འདུག་བ།  ,ngag gi thog nas dge sbyor byed ma thub na 'grig gi 'dug ba/__,https://d38pmlk0v88drf.cloudfront.net/wav16k/STT_TT00203_00716.900-00718.550.wav,STT_TT,3,54,1.6499999999999773,wav16k/STT_TT00203_00716.900-00718.550.wav,ངག་གི་ཐོག་ནས་ དགེ་སྦྱོར་བྱེད་མ་ཐུབ་ན་འགྲིག་གི་འདུག་གཱ
STT_TT00203_00718.800-00721.050,ག་རེ་ཟེར་ན་སེམས་གི་ནང་ནས་དགེ་སྦྱོར་ཅིག་བྱེད་བསྡད་ན།  ,ga re zer na sems gi nang nas dge sbyor cig byed bsdad na/__,https://d38pmlk0v88drf.cloudfront.net/wav16k/STT_TT00203_00718.800-00721.050.wav,STT_TT,3,53,2.25,wav16k/STT_TT00203_00718.800-00721.050.wav,ག་རེ་ཟེར་ན། སེམས་ཀི་ནང་ནས།་དགེ་སྦྱོར་ཅིག་བྱས་བསྡད་ན།
STT_TT00203_00722.100-00729.550,གཟུགས་པོ་དེ་པ་ལ་ཡ་གི་གདན་ཁྲི་གང་དེ་ཡ་གི་ཅིག་གཡས་གཡོན་གང་ག་ནས་དཔེ་མཉལ་མགོ་དང་ཉལ་ཆས་བརྒྱབ་ཕུ་གེ་བརྒྱབ་བྱས་ཡར་སྐྱོར་བཞག་ཡོད་རེད་འགུལ་འཁྱོག་ཐེབ་གི་ཡོད་མ་རེད་དེ།  ,gzugs po de pa la ya gi gdan khri gang de ya gi cig g.yas g.yon gang ga nas dpe mnyal mgo dang nyal chas brgyab phu ge brgyab byas yar skyor bzhag yod red 'gul 'khyog theb gi yod ma red de/__,https://d38pmlk0v88drf.cloudfront.net/wav16k/STT_TT00203_00722.100-00729.550.wav,STT_TT,3,158,7.449999999999932,wav16k/STT_TT00203_00722.100-00729.550.wav,གཟུགས་པོ་དང། པ་ལགས་ཡ་གིདེ གདན་ཁྲིའི་སྒང་དེ། ཡ་གི་ཅིག གཡས་གཡོན་གང་ག་ནས། དཔེ་སྙས་མགུ་དང་།ཉལ་ཆས་བརྒྱབ། ཕོ་ེས་བརྒྱབ་བྱས། ཡར་སྐྱོར་བཞག་ཡོད་རེད། འགུལ་སྐྱོད་ཐེབས་ཀི་ཡོད་མ་རེད་དེ།
STT_TT00203_00729.800-00732.650,སེམས་ནང་ནས་བླ་མ་དཀོན་མཆོག་གསུནལ་དད་པ་སྒོམ་ཡ་དང་།  ,sems nang nas bla ma dkon mchog gsunal dad pa sgom ya dang /__,https://d38pmlk0v88drf.cloudfront.net/wav16k/STT_TT00203_00729.800-00732.650.wav,STT_TT,3,50,2.8500000000000227,wav16k/STT_TT00203_00729.800-00732.650.wav,སེམས་ནང་ནས། བླ་མ་དཀོན་མཆོག་གསུམ་ལ་དད་པ་སྒོམ་ཡ་དང་།
STT_TT00203_00732.850-00734.550,བླ་མ་དཀོན་མཆོག་གསུམ་གི་ཡོན་ཏན་བསམ་བློ་གཏོང་ཡ།  ,bla ma dkon mchog gsum gi yon tan bsam blo gtong ya/__,https://d38pmlk0v88drf.cloudfront.net/wav16k/STT_TT00203_00732.850-00734.550.wav,STT_TT,3,47,1.6999999999999318,wav16k/STT_TT00203_00732.850-00734.550.wav,བླ་མ་དཀོན་མཆོག་གསུམ་གི་ཡོན་ཏན་བསམ་བློ་གཏོང་ཡ།
STT_TT00203_00734.750-00736.150,དེ་གས་མར་ཡག་པོ་ཅིག་བསམ་བློ་བཏང་བཞག་ ,de gas mar yag po cig bsam blo btang bzhag _,https://d38pmlk0v88drf.cloudfront.net/wav16k/STT_TT00203_00734.750-00736.150.wav,STT_TT,3,36,1.3999999999999773,wav16k/STT_TT00203_00734.750-00736.150.wav,འདི་གས་མར་ཡག་པོ་ཞིག་བསམ་བློ་བཏང་ཞག
STT_TT00203_00605.900-00606.450,ཆ་ཚང་འདུག་གཱ ,cha tshang 'dug gA_,https://d38pmlk0v88drf.cloudfront.net/wav16k/STT_TT00203_00605.900-00606.450.wav,STT_TT,3,13,0.5500000000000682,wav16k/STT_TT00203_00605.900-00606.450.wav,ཆ་ཚང་འདུག་གཱ
STT_TT00203_00606.850-00608.550,ཁོ་ལུས་ཀིས་ཐོག་ནས། ནུས་པ་སྟོན་ཐུབ་ཀི་འདུག་གཱ ,kho lus kis thog nas/_nus pa ston thub ki 'dug gA_,https://d38pmlk0v88drf.cloudfront.net/wav16k/STT_TT00203_00606.850-00608.550.wav,STT_TT,3,45,1.6999999999999318,wav16k/STT_TT00203_00606.850-00608.550.wav,ཁོ་ལུས་ཀི་ཐོག་ནས། ནུས་པ་སྟོན་ཐུབ་ཀི་འདུག་ག
STT_TT00203_00609.000-00611.600,ཁོ་ང་ཚོ། སྐུ་རུམ་སྒྲིག དེ་སྡུག་རུས་བྱས། བསྡད་བཞག་ན། ཅིག་སྡོད་ཐུབ་ཀི་འདུག་གཱ ,kho nga tsho/_sku rum sgrig_de sdug rus byas/_bsdad bzhag na/_cig sdod thub ki 'dug gA_,https://d38pmlk0v88drf.cloudfront.net/wav16k/STT_TT00203_00609.000-00611.600.wav,STT_TT,3,76,2.6000000000000227,wav16k/STT_TT00203_00609.000-00611.600.wav,ཁོ་ང་ཚོ་སྐུ་རུམ་བསྒྲིག དེ་སྡུག་རུས་བྱས་བསྡད་བཞག་ན། ཅིག་སྡོད་ཐུབ་ཀི་འདུག་གཱ
STT_TT00203_00612.000-00614.400,ཨེ་ནས། རྩེ་འཁོར་གླིང་འཁོར་ཕྱིན་པ་ཡིན་ནའང་།  ,e nas/_rtse 'khor gling 'khor phyin pa yin na'ang /__,https://d38pmlk0v88drf.cloudfront.net/wav16k/STT_TT00203_00612.000-00614.400.wav,STT_TT,3,44,2.3999999999999773,wav16k/STT_TT00203_00612.000-00614.400.wav,ཨེ་ནས། ང་ཚོ་ཕྱག་འཚལ་ཡིན་ནའ་འདྲ། རྩེ་སྐོར་གླིང་སྐོར་ཕྱིན་པ་ཡིན་ནའ།
STT_TT00203_00615.250-00618.350,ག་རེ་བྱས་ན་ལས། ཅིག་འགྲོ་ཐུབ་ཀི་འདུག་གཱ གནས་སྐོར་དེ་བ་པྱིན་ཅིག་བྱས་ན། ཅིག་འགྲོ་ཐུབ་ཡ་ཞིག་འདུག་གཱ ,ga re byas na las/_cig 'gro thub ki 'dug gA_gnas skor de ba pyin cig byas na/_cig 'gro thub ya zhig 'dug gA_,https://d38pmlk0v88drf.cloudfront.net/wav16k/STT_TT00203_00615.250-00618.350.wav,STT_TT,3,96,3.1000000000000227,wav16k/STT_TT00203_00615.250-00618.350.wav,ག་རེ་བྱས་ན་ལས་ཅིག་འགྲོ་ཐུབ་ཀི་འདུག་ག གནས་སྐོར་དེ་བ་ཕྱིན་ཅིག་བྱས་ན། ཅིག་འགྲོ་ཐུབ་ཡ་ཞིག་འདུག་ག
STT_TT00203_00618.600-00622.800,ཨེ་ནས། གང་འཚམ་བྱས་ན། པ་ལགས་ཕེབས་ཐུབ་ཀི་འདུག ཨ་མ་ལགས་ཕེབས་ཐུབ་ཀི་མི་འདུག ད་ཚར་སོང་ང་།  ,e nas/_gang 'tsham byas na/_pa lags phebs thub ki 'dug_a ma lags phebs thub ki mi 'dug_da tshar song nga /__,https://d38pmlk0v88drf.cloudfront.net/wav16k/STT_TT00203_00618.600-00622.800.wav,STT_TT,3,86,4.199999999999932,wav16k/STT_TT00203_00618.600-00622.800.wav,ཨེ་ནས། གང་འཚམ་ཅིག་ནས། པ་ལགས་ཕེབས་ཐུབ་ཀི་མི་འདུག ཨ་མ་ལགས་ཕེབས་ཐུབ་ཀི་མི་འདུག་ཟེར་ཡ་ཞིག་སྒང་ལ་སླེབས་སོང་ན། ད་ཚར་སོང་ང་།
STT_TT00203_00623.050-00626.000,ང་ཚོ་ལུས་ཀིས་ཐོག་ནས། དགེ་སྦྱོར་བྱེད་ཡ་ཞེ་དྲག་མི་འདུག ད་ཕྱག་འཚལ་ཡ།  ,nga tsho lus kis thog nas/_dge sbyor byed ya zhe drag mi 'dug_da phyag 'tshal ya/__,https://d38pmlk0v88drf.cloudfront.net/wav16k/STT_TT00203_00623.050-00626.000.wav,STT_TT,3,67,2.950000000000045,wav16k/STT_TT00203_00623.050-00626.000.wav,ང་ཚོ་ལུས་ཀི་ཐོག་ནས།་དགེ་སྦྱོར་བྱེད་ཡ་ཞེ་དྲག་མི་འདུག ད་ཕྱག་འཚལ་ཡ།
STT_TT00203_00626.750-00628.100,རྩེ་སྐོར་གླིང་འཁོར་འགྲོ་ཡ་མཚམས་བཞག ,rtse skor gling 'khor 'gro ya mtshams bzhag_,https://d38pmlk0v88drf.cloudfront.net/wav16k/STT_TT00203_00626.750-00628.100.wav,STT_TT,3,35,1.3500000000000227,wav16k/STT_TT00203_00626.750-00628.100.wav,རྩེ་སྐོར་གླིང་སྐོར་འགྲོ་ཡི་མཚམས་བཞག
STT_TT00203_00771.150-00774.900,དཀའ་ལས་དུས་ཚོད་རེད། འདྲ་མ་འདྲ། ག་ས་ག་ནས། ད་སྤྲོ་ཡ་བསྡད་བཞག ,dka' las dus tshod red/_'dra ma 'dra/_ga sa ga nas/_da spro ya bsdad bzhag_,https://d38pmlk0v88drf.cloudfront.net/wav16k/STT_TT00203_00771.150-00774.900.wav,STT_TT,3,59,3.75,wav16k/STT_TT00203_00771.150-00774.900.wav,དཀའ་ལས་ཁག་པོ་དུས་ཚོད་རེད། འདྲ་མ་འདྲ་ག་ས་ག་ནས། ད་ལྕོག་ཡ་བསྡད་བཞག་ཡོད
STT_TT00203_00775.450-00778.400,ད་ད་ལྟ་ང་ཚོའི་ཁྱིམ་ཚང་ལ་ཡ། ཅིག་གནས་ཚུལ་ཤུགས་ཆེན་པོ་དེ་འདྲ། དམིགས་བསལ་གི་ཅིག ,da da lta nga tsho'i khyim tshang la ya/_cig gnas tshul shugs chen po de 'dra/_dmigs bsal gi cig_,https://d38pmlk0v88drf.cloudfront.net/wav16k/STT_TT00203_00775.450-00778.400.wav,STT_TT,3,76,2.949999999999932,wav16k/STT_TT00203_00775.450-00778.400.wav,ད་ད་ལྟ་ང་ཚོ་ཁྱིམ་ཚང་ནང་ལ་ཡང་ཅིག གནས་ཚུལ་ཤུགས་ཆེན་པོ་དེ་འདྲ་དམིགས་བསལ་གི་ཅིག
STT_TT00203_00778.750-00781.600,ན་ཚ་ཟོལ་དེ་འདྲ། དེ་འདྲ་གི་གནས་ཚུལ་ཤུགས་ཆེན་པོ་དེ་འདྲ་ཡ་གེ་མ་འཐོན་པ་བྱས།  ,na tsha zol de 'dra/_de 'dra gi gnas tshul shugs chen po de 'dra ya ge ma 'thon pa byas/__,https://d38pmlk0v88drf.cloudfront.net/wav16k/STT_TT00203_00778.750-00781.600.wav,STT_TT,3,73,2.8500000000000227,wav16k/STT_TT00203_00778.750-00781.600.wav,ན་ཚ་ཟོལ་དྲ། དེ་འདྲ་གི་གནས་ཚུལ་ཤུགས་ཆེན་པོ་དེ་འདྲ་གེ་མ་ཐོན་པ་བྱས།
STT_TT00203_00782.050-00783.500,ལས་ཀ་དེ་འདྲ། དཔེ་དེ་འདྲ་གེ་མ་འཐོན་པ།  ,las ka de 'dra/_dpe de 'dra ge ma 'thon pa/__,https://d38pmlk0v88drf.cloudfront.net/wav16k/STT_TT00203_00782.050-00783.500.wav,STT_TT,3,38,1.4500000000000457,wav16k/STT_TT00203_00782.050-00783.500.wav,ལས་ཀ་དེ་འདྲ་དཔེ། དེ་འདྲ་གེ་མ་འདོན་པ།
STT_TT00203_00784.000-00785.550,ཨེ་ནས། སོ་སོའི་གཟུགས་པོའི་ངོས་ནས།  ,e nas/_so so'i gzugs po'i ngos nas/__,https://d38pmlk0v88drf.cloudfront.net/wav16k/STT_TT00203_00784.000-00785.550.wav,STT_TT,3,35,1.5499999999999543,wav16k/STT_TT00203_00784.000-00785.550.wav,ཨེ་ནས། སོ་སོའི་གཟུགས་པོའི་ངོས་ནས།
STT_TT00203_00785.700-00790.150,སྐུ་རུམ་སྒྲིག་ཐུབ་ཡ་དཱ། ཡ་ནས་མ་ཕེབས་ཐུབ་ཡ་དཱ། ཨམ་ཆོག་གིས་ཐོག་ནས། གོ་ཐུབ་ཡ། ཉན་ཐུབ་ཡ་བཅས།  ,sku rum sgrig thub ya dA/_ya nas ma phebs thub ya dA/_am chog gis thog nas/_go thub ya/_nyan thub ya bcas/__,https://d38pmlk0v88drf.cloudfront.net/wav16k/STT_TT00203_00785.700-00790.150.wav,STT_TT,3,90,4.449999999999932,wav16k/STT_TT00203_00785.700-00790.150.wav,སྐུ་རུམ་སྒྲིག་ཐུབ་ཡ་དང། ཡར་ནས་མ་ཕེབས་ཐུབ་ཡ་དང། ཨམ་ཅོག་གི་ཐོག་ནས་གོ་ཐུབ་ཡ་ཉན་ཐུབ་ཡ་བཅས།
STT_TT00203_00790.450-00793.900,ད་ལྟ་ཆ་རྐྱེན་འདི། གང་ག་ཡོད་པའི་གནས་ཚུལ་གི་འོག་ལ་ཡ། ང་ཚོ་དེ་ཅིག་སྡོད་ཐུབ་ཀི་ཡོད་རེད་བ།  ,da lta cha rkyen 'di/_gang ga yod pa'i gnas tshul gi 'og la ya/_nga tsho de cig sdod thub ki yod red ba/__,https://d38pmlk0v88drf.cloudfront.net/wav16k/STT_TT00203_00790.450-00793.900.wav,STT_TT,3,87,3.449999999999932,wav16k/STT_TT00203_00790.450-00793.900.wav,ད་ལྟ་ཆ་རྐྱེན་འདི གང་ག་ཡོད་པའི་གནས་ཚུལ་གི་འོག་ལ་ཡ། ང་ཚོ་དེ་ཅིག་སྡོད་ཐུབ་ཀི་ཡོད་རེད་བ།
STT_TT00203_00794.400-00797.850,ད་གང་འཚམ་བྱས་ནས། གནས་ཚུལ་ད་མ་གསུང་ན་ནི། ཅིག་ཕྱི་ནང་ག་ས་ག་ནས། ཅིག་ལང་ཡོང་པ་ཡིན་ན།  ,da gang 'tsham byas nas/_gnas tshul da ma gsung na ni/_cig phyi nang ga sa ga nas/_cig lang yong pa yin na/__,https://d38pmlk0v88drf.cloudfront.net/wav16k/STT_TT00203_00794.400-00797.850.wav,STT_TT,3,82,3.450000000000045,wav16k/STT_TT00203_00794.400-00797.850.wav,ད་གང་འཚམ་ྱིག་ནས། གནས་ཚུལ་ད་མ་སོང་ན་ནས། ཅིག་ཕྱི་ནང་ག་ས་ག་ནས་ཅིག་ལངས་ཡོང་པ་ཡིན་ན།
STT_TT00203_00798.150-00799.750,ཨེ་ནས། ང་ཚོ་དེ། ལྷོད་ལྷོད་བྱས་ཅིག་ཉན།  ,e nas/_nga tsho de/_lhod lhod byas cig nyan/__,https://d38pmlk0v88drf.cloudfront.net/wav16k/STT_TT00203_00798.150-00799.750.wav,STT_TT,3,39,1.6000000000000227,wav16k/STT_TT00203_00798.150-00799.750.wav,ཨེ་ནས། ང་ཚོ་དེ་ལྷོད་ལྷོད་བྱས། ཅིག་ཉན།
STT_TT00203_00799.950-00801.600,སྡོད་ཡ་འདི། ད་དཀའ་ལས་ཁག་པོ་ཞེ་བོ་ཆགས་ཚར་རེད།  ,sdod ya 'di/_da dka' las khag po zhe bo chags tshar red/__,https://d38pmlk0v88drf.cloudfront.net/wav16k/STT_TT00203_00799.950-00801.600.wav,STT_TT,3,46,1.6499999999999773,wav16k/STT_TT00203_00799.950-00801.600.wav,སྡོད་ཡ་འདི། ད་དཀའ་ལས་ཁག་པོ་ཞེ་བོ་ཆགས་སོང་།
STT_TT00203_00802.350-00804.650,ད་ང་ཚོ་འདི། དགོངས་པ་བཞེད་ཤོག་ཨ། ཡང་ཡང་རྙེད་སྐབས། དངོས་གནས་རེད།  ,da nga tsho 'di/_dgongs pa bzhed shog a/_yang yang rnyed skabs/_dngos gnas red/__,https://d38pmlk0v88drf.cloudfront.net/wav16k/STT_TT00203_00802.350-00804.650.wav,STT_TT,3,64,2.2999999999999545,wav16k/STT_TT00203_00802.350-00804.650.wav,ད་ང་ཚོ་འདི་དགོངས་པ་བཞེས་ཤོག་ཨ། ཡང་ཡང་རྙེད་དཀའ་པ་དངོས་གནས་རེད།
STT_TT00203_00805.050-00807.100,ང་ཚོའི། དཔེ་འདྲ་ཞིག་ཆ་མཚོན་ན་ལས། ང་ཚོའི་རྒན་བམ་རུ་རིན་པོ་ཆེ།  ,nga tsho'i/_dpe 'dra zhig cha mtshon na las/_nga tsho'i rgan bam ru rin po che/__,https://d38pmlk0v88drf.cloudfront.net/wav16k/STT_TT00203_00805.050-00807.100.wav,STT_TT,3,62,2.050000000000068,wav16k/STT_TT00203_00805.050-00807.100.wav,ང་ཚོ་དཔེ་འདྲ་ཞིག་ཆ་མཚོན་པ་ཡིན་ན། ང་ཚོ་རྒན་འབར་མོ་རིན་པོ་ཆེ།
STT_TT00203_00807.800-00808.950,མ་གཞི་ད། དགུང་ལོ་བརྒྱད་བཅུ།  ,ma gzhi da/_dgung lo brgyad bcu/__,https://d38pmlk0v88drf.cloudfront.net/wav16k/STT_TT00203_00807.800-00808.950.wav,STT_TT,3,29,1.150000000000091,wav16k/STT_TT00203_00807.800-00808.950.wav,བྱས། ད་དགུང་ལོ་བརྒྱད་ཅུ།
STT_TT00203_00809.350-00816.450,གྱ་བདུན་བར་ཏུ་ཞུགས་པ་རེད། ཨེ་ནས། དེ་འདྲ་བྱས་དུས། ད་གཞུག་གུ་དེ་བ། ཅིག་ཕྱག་དཔེ་ཁྲིད་འགྲོ་བྱས། འདུག་སེ་ཞུས་དུས་དེ་བ་། ད་ཡོང་གི་མི་འདུག གསུངས་ཀི་འདུག་གཱ ད་སྤོ་ཏོ་ཆགས་པ་རེད། དཔེ་ཆ་ཡ་མིག་གིས་མཐོང་གི་མི་འདུག ,gya bdun bar tu zhugs pa red/_e nas/_de 'dra byas dus/_da gzhug gu de ba/_cig phyag dpe khrid 'gro byas/_'dug se zhus dus de ba /_da yong gi mi 'dug_gsungs ki 'dug gA_da spo to chags pa red/_dpe cha ya mig gis mthong gi mi 'dug_,https://d38pmlk0v88drf.cloudfront.net/wav16k/STT_TT00203_00809.350-00816.450.wav,STT_TT,3,201,7.100000000000023,wav16k/STT_TT00203_00809.350-00816.450.wav,ཞྱབ་བདུན་བར་དུ་བཞུགས་པ་རེད། ཨེ་ནས། དེ་འདྲ་བྱེད་དུས། ད་གཞུག་གུ་དེ་བ་ཅིག་ཕྱག་དཔེ་ཁྲིད་ཤོར་བྱས། འདུག་སེ་བཞུས་དུས་དེ་བ། ད་ཡོང་གི་མི་འདུག་གསུང་གི་འདུག་བ། ང་སྤོར་ཏོ་ཆགས་པ་རེད། དཔེ་ཆ་མིག་གིས་མཐོང་གི་མི་འདུག
STT_TT00203_00816.850-00822.650,བསྡད་ཡ་ཡེ། གེ་དམིགས་བསལ་གེ་བསྡད་མི་འདུག ད་ཁྱོད་རང་གིས་བལྟས། དེ་བ་ཅིག་དཔེ་ཀློག་འདྲ་བརྒྱབ། བསམ་བློ་འདྲ་གཏང་། ཕ་ཚུར་ཅིག་གྲོས་བསྡུར་འདྲ་བྱས།  ,bsdad ya ye/_ge dmigs bsal ge bsdad mi 'dug_da khyod rang gis bltas/_de ba cig dpe klog 'dra brgyab/_bsam blo 'dra gtang /_pha tshur cig gros bsdur 'dra byas/__,https://d38pmlk0v88drf.cloudfront.net/wav16k/STT_TT00203_00816.850-00822.650.wav,STT_TT,3,138,5.7999999999999545,wav16k/STT_TT00203_00816.850-00822.650.wav,དྲན་ཡ་ཡེ་གེ་དམིགས་བསལ་གེ་བསྡད་མི་འདུག ད་ཁྱེད་རང་གིས་བལྟས། དི་བ་ཅིག་དཔེ་ཀལོག་འདྲ་བརྒྱབ། བསམ་བློ་འདྲ་བཏང་། ཕར་ཚུར་ཅིག་གྲོས་བསྡུར་འདྲ་བྱས།
STT_TT00203_00823.100-00824.800,དེ་བྱེད་རྒྱུ་རེད། མ་གཏོགས་ཅིག ང་མིག་གིས་མཐོང་གི་མི་འདུག་བྱས།  ,de byed rgyu red/_ma gtogs cig_nga mig gis mthong gi mi 'dug byas/__,https://d38pmlk0v88drf.cloudfront.net/wav16k/STT_TT00203_00823.100-00824.800.wav,STT_TT,3,62,1.6999999999999318,wav16k/STT_TT00203_00823.100-00824.800.wav,བྱེད་རྒྱུ་རེད་མ་གཏོགས་ཅིག ང་མིག་གིས་མཐོང་གི་མི་འདུག།
STT_TT00203_00825.050-00826.700,ད་སྤོ་ཏོ། སྡུག་པོ་མ་སྟེར་རོགས་བྱས།  ,da spo to/_sdug po ma ster rogs byas/__,https://d38pmlk0v88drf.cloudfront.net/wav16k/STT_TT00203_00825.050-00826.700.wav,STT_TT,3,36,1.650000000000091,wav16k/STT_TT00203_00825.050-00826.700.wav,ད་ང་སྤོར་ཏོ་སྡུག་པོ་མ་སྟེར་རོགས་བྱས།
STT_TT00203_00827.150-00830.400,འོ་ད། དེ་འདྲ་གསུངས་ཀི་འདུག་གཱ ད་ང་ཚོ། ཉི་མ་གཅིག་དེ་འདྲ་ཅིག་སྒང་ལ་འགྲོ་རྒྱུ་གཏན་ཁེལ་རེད་དཱ།  ,'o da/_de 'dra gsungs ki 'dug gA_da nga tsho/_nyi ma gcig de 'dra cig sgang la 'gro rgyu gtan khel red dA/__,https://d38pmlk0v88drf.cloudfront.net/wav16k/STT_TT00203_00827.150-00830.400.wav,STT_TT,3,92,3.25,wav16k/STT_TT00203_00827.150-00830.400.wav,འོ་ད་དེ་འདྲ་གསུང་གི་འདུག་ག ད་ང་ཚོ་ཉི་མ་གཅིག་དེ་འདྲ་ཅིག་སྒང་ལ་འགྲོ་རྒྱུ་གཏན་ཁེལ་རེད་དཱ།
STT_TT00203_00830.650-00832.550,ད་ད་ལྟ། དེ་ནས་བལྟས་ཡོང་དུས། དཔེ་ཆ་ཅིག་ཡས་མཐོང་།  ,da da lta/_de nas bltas yong dus/_dpe cha cig yas mthong /__,https://d38pmlk0v88drf.cloudfront.net/wav16k/STT_TT00203_00830.650-00832.550.wav,STT_TT,3,49,1.8999999999999773,wav16k/STT_TT00203_00830.650-00832.550.wav,ད་ད་ལྟ་འདི་ནས་མ་བལྟས་ཡོང་དུས། དཔེ་ཆ་ཅིག་ཡེ་མཐོང་།
STT_TT00203_00026.650-00028.300,ཨོ་ད་ཁོང་གིས་ག་རེ་གསུངས་བཞག་ཟེར་ན། འདི་འདྲ་ཞིག་ཡོད་པ་རེད།  ,o da khong gis ga re gsungs bzhag zer na/_'di 'dra zhig yod pa red/__,https://d38pmlk0v88drf.cloudfront.net/wav16k/STT_TT00203_00026.650-00028.300.wav,STT_TT,3,59,1.650000000000002,wav16k/STT_TT00203_00026.650-00028.300.wav,འོ་ད་ཁོང་གིས་ག་རེ་གསུངས་བཞག་ཡོ་ཟེར་། དེ་འདྲ་ིག་ོད་རེད།
STT_TT00203_00029.050-00030.600,དལ་བའི་རྟེན་ཐོབ་རྒྱལ་བའི་བསྟན་དང་ ,dal ba'i rten thob rgyal ba'i bstan dang _,https://d38pmlk0v88drf.cloudfront.net/wav16k/STT_TT00203_00029.050-00030.600.wav,STT_TT,3,34,1.5500000000000007,wav16k/STT_TT00203_00029.050-00030.600.wav,ནད་པའི་རྟེན་ཐོབ། རྒྱལ་བའི་རྟེན་དང་།
STT_TT00203_00833.050-00834.550,ཅིག་བསམ་བློ་ཞིག་གཏང་ན་ལས། གཏང་ཡ་ཡོད་པ་ཅིག ,cig bsam blo zhig gtang na las/_gtang ya yod pa cig_,https://d38pmlk0v88drf.cloudfront.net/wav16k/STT_TT00203_00833.050-00834.550.wav,STT_TT,3,42,1.5,wav16k/STT_TT00203_00833.050-00834.550.wav,བསམ་བློ་ཞིག་བཏང་ན་ལས། གཏང་ཡ་ཡོད་པ་བྱས།
STT_TT00203_00835.000-00837.400,སྡུག་རུས་འདྲ་ཞིག ཕྲན་བུ་ཅིག ང་ཚོ་ཆུ་ཚོད་གཉིས་གསུམ། སྐུ་རུམ་སྒྲིག་བྱས་བསྡད་ན་ལས།  ,sdug rus 'dra zhig_phran bu cig_nga tsho chu tshod gnyis gsum/_sku rum sgrig byas bsdad na las/__,https://d38pmlk0v88drf.cloudfront.net/wav16k/STT_TT00203_00835.000-00837.400.wav,STT_TT,3,81,2.3999999999999773,wav16k/STT_TT00203_00835.000-00837.400.wav,སྡུག་རུས་འདྲ་ཞིག་ཕྲན་བུ་ཅིག ང་ཚོ་ཆུ་ཚོད་གཉིས་གསུམ་སྐུ་རུམ་བསྒྲིགས་བྱས་བསྡད་ན་ལས།
STT_TT00203_00837.550-00838.400,སྡོད་ཐུབ་ངེ་།  ,sdod thub nge /__,https://d38pmlk0v88drf.cloudfront.net/wav16k/STT_TT00203_00837.550-00838.400.wav,STT_TT,3,15,0.8500000000000227,wav16k/STT_TT00203_00837.550-00838.400.wav,སྡོད་ཐུབ་ངེ་།
STT_TT00203_00037.650-00039.350,ཕྱི་བཤོལ་སྤངས་ནས་སྙིང་པོ་ལོངས་ཤིག་ཨང་།  ,phyi bshol spangs nas snying po longs shig ang /__,https://d38pmlk0v88drf.cloudfront.net/wav16k/STT_TT00203_00037.650-00039.350.wav,STT_TT,3,40,1.7000000000000028,wav16k/STT_TT00203_00037.650-00039.350.wav,ཕྱི་བཤོལ་སྤངས་ནས་སྙིང་པོ་ལོངས་ཤིག་ཨང་།
STT_TT00203_00039.900-00040.550,ཨོ་ད་དེ་འདྲ་གསུངས།  ,o da de 'dra gsungs/__,https://d38pmlk0v88drf.cloudfront.net/wav16k/STT_TT00203_00039.900-00040.550.wav,STT_TT,3,20,0.6499999999999986,wav16k/STT_TT00203_00039.900-00040.550.wav,འོ་ད་དེ་འདྲ་གསུངས།
STT_TT00203_00844.300-00846.650,ག་ནས་ཅིག་བལྟས་ཡོང་དུས་དེ་བ། ད་ལྟ་ཆ་རྐྱེན་ཡག་པོ་ཞིག་འཛོམས་འདུག་གཱ ,ga nas cig bltas yong dus de ba/_da lta cha rkyen yag po zhig 'dzoms 'dug gA_,https://d38pmlk0v88drf.cloudfront.net/wav16k/STT_TT00203_00844.300-00846.650.wav,STT_TT,3,65,2.3500000000000227,wav16k/STT_TT00203_00844.300-00846.650.wav,ད་ག་ནས་ཅིག་བལྟས་ཡོང་དུས་དེ་བ། ད་ལྟ་ཆ་རྐྱེན་ཡག་པོ་ཞིག་འཛོམས་འདུག་གཱ
STT_TT00203_00846.800-00848.150,ད་འདི། ང་ཚོ་མ་ཤོར་བ་ཡིན་དཱ།  ,da 'di/_nga tsho ma shor ba yin dA/__,https://d38pmlk0v88drf.cloudfront.net/wav16k/STT_TT00203_00846.800-00848.150.wav,STT_TT,3,29,1.3500000000000227,wav16k/STT_TT00203_00846.800-00848.150.wav,ད་འདི་ང་ཚོ་མ་ཤོར་བ་ཡིན་དཱ།
STT_TT00203_00848.600-00851.200,ཆ་རྐྱེན་དེ་གཅིག་ཤོར་ཀ་བྱས་བྱས། ད་ང་ཚོ་དཀའ་ལས་ཁག་པོ་ཞེ་བོ་ཆགས།  ,cha rkyen de gcig shor ka byas byas/_da nga tsho dka' las khag po zhe bo chags/__,https://d38pmlk0v88drf.cloudfront.net/wav16k/STT_TT00203_00848.600-00851.200.wav,STT_TT,3,63,2.6000000000000227,wav16k/STT_TT00203_00848.600-00851.200.wav,ཆ་རྐྱེན་འདི་ཅིག་ཤོར་ཁ་བྱས་བྱས། ད་ང་ཚོ་དཀའ་ལས་ཁག་པོ་ཞེ་བོ་ཆགས།
STT_TT00203_00041.150-00044.500,ང་ཚོའི་ཡག་པོ་ཞིག་བསམ་བློ་བཏང་ཤོག་ཨ། ང་ཚོའི་ཕྱོགས་གཅིག་ནས་ག་རེ་ཐོབ་ཐུབ་པ་རེད་ཟེར་ན།  ,nga tsho'i yag po zhig bsam blo btang shog a/_nga tsho'i phyogs gcig nas ga re thob thub pa red zer na/__,https://d38pmlk0v88drf.cloudfront.net/wav16k/STT_TT00203_00041.150-00044.500.wav,STT_TT,3,84,3.3500000000000014,wav16k/STT_TT00203_00041.150-00044.500.wav,ད་ང་ཚོ་ཡག་པོ་བྱས་བསམ་བློ་གཏོང་ཤོག་ཨ། ང་ཚོ་ཕྱོགས་གཅིག་ནས། ག་རེ་ཐོབ་བསྡད་ོད་རེད་ཟེར་ན།
STT_TT00203_00044.700-00045.650,དལ་འབྱོར་གི་ལུས་རྟེན་ཟེར་ཡ་ཐོབ།  ,dal 'byor gi lus rten zer ya thob/__,https://d38pmlk0v88drf.cloudfront.net/wav16k/STT_TT00203_00044.700-00045.650.wav,STT_TT,3,33,0.9499999999999956,wav16k/STT_TT00203_00044.700-00045.650.wav,དལ་འབྱོར་གི་ལུས་རྟེན་ཟེར་ཡ་ཞིག་ཐོབ
STT_TT00203_00851.700-00854.650,ད་དེ་འདྲ་ཆ་རྐྱེན་འདི་ཟིན་བྱས། ང་ཚོ་ག་རེ་བྱེད་དགོས་རེད་ཟེར་ལབ་ཡོང་དུས་དེ་བ།  ,da de 'dra cha rkyen 'di zin byas/_nga tsho ga re byed dgos red zer lab yong dus de ba/__,https://d38pmlk0v88drf.cloudfront.net/wav16k/STT_TT00203_00851.700-00854.650.wav,STT_TT,3,76,2.949999999999932,wav16k/STT_TT00203_00851.700-00854.650.wav,ད་དེ་འདྲ་ཆ་རྐྱེན་འདི་ཟིམ་བྱས། ང་ཚོས་ག་རེ་བྱེད་དགོས་རེད་ཟེ་ལབ་ཡོང་དུས་དེ་བ།
STT_TT00203_00855.150-00857.450,ང་ཚོ་ཆོས་ཞིག་བྱེད་དགོས་རེད་བྱས་ནས། ཁ་སང་ང་ཚོ་ལབ་ཡིན་པ།  ,nga tsho chos zhig byed dgos red byas nas/_kha sang nga tsho lab yin pa/__,https://d38pmlk0v88drf.cloudfront.net/wav16k/STT_TT00203_00855.150-00857.450.wav,STT_TT,3,56,2.300000000000068,wav16k/STT_TT00203_00855.150-00857.450.wav,ང་ཚོ་ཆོས་ཅིག་བྱེད་དགོས་རེད་བྱས་ནས། ཁ་སང་ང་ཚོས་ལབ་ཡིན་པ།
STT_TT00203_00046.550-00049.900,དེ་ནང་མི་ཚེ་ཧྲིལ་བོ་དང་། ལོ་ཁོར་མོ་ཁོ་རང་དལ་འབྱོར་ལུས་རྟེན་ཞིག ,de nang mi tshe hril bo dang /_lo khor mo kho rang dal 'byor lus rten zhig_,https://d38pmlk0v88drf.cloudfront.net/wav16k/STT_TT00203_00046.550-00049.900.wav,STT_TT,3,63,3.3500000000000014,wav16k/STT_TT00203_00046.550-00049.900.wav,སྤྱིར་བཏང་ནས་ མི་ཚེ་ཧྲིལ་པོ་དང་། ལོ་འཁོར་མོ་ཁོ་རང་དལ་འབྱོར་གི་ལུས་རྟེན་ཅིག
STT_TT00203_00857.800-00861.450,ད་ཆོས་འདི། ག་འདྲ་བྱེད་དགོས་ཟེར་ལབ་དུས་དེ་བ། ཆོས་བྱེད་སྟངས་ལ། དགོས་པ་མི་འདྲ་བ་མང་པོ་ཞེ་བོ་ཞིག་ཡོང་ཆོག་གི་འདུག་གཱ ,da chos 'di/_ga 'dra byed dgos zer lab dus de ba/_chos byed stangs la/_dgos pa mi 'dra ba mang po zhe bo zhig yong chog gi 'dug gA_,https://d38pmlk0v88drf.cloudfront.net/wav16k/STT_TT00203_00857.800-00861.450.wav,STT_TT,3,112,3.650000000000091,wav16k/STT_TT00203_00857.800-00861.450.wav,ད་ཆོས་འདི་ག་འདྲ་ེ་བྱེད་དགོས་རེད་ཟེ་ལབ་དུས་འདེ་བ། ཆོས་བྱེད་སྟངས་ལ་མགོ་མི་འདྲ་བ་མང་པོ་ཞེ་བོ་ཞིག་ཡོང་ཆོག་གི་འདུག་གཱ
STT_TT00203_00861.900-00865.500,ཆོས་ཀི་བྱེད་སྟངས་ལ་ཡ། དེ་བ་མ་ཎི་དམིགས་བརྩེ་མ་བསག་སྡོད་ཡ་དེ་འདྲ་འདུག རྩེ་སྐོར་གླིང་འཁོར་ལ་འགྲོ་བསྡད་ཡ་དེ་འདྲ་འདུག ,chos ki byed stangs la ya/_de ba ma Ni dmigs brtse ma bsag sdod ya de 'dra 'dug_rtse skor gling 'khor la 'gro bsdad ya de 'dra 'dug_,https://d38pmlk0v88drf.cloudfront.net/wav16k/STT_TT00203_00861.900-00865.500.wav,STT_TT,3,113,3.6000000000000227,wav16k/STT_TT00203_00861.900-00865.500.wav,ཆོས་ཀི་བྱེད་སྟངས་ལ་ཡ། འདི་བ་མ་ཎི་དམིགས་བརྩེ་མ་བསགས་སྡོད་ཡ་ཨེ་འདྲ་འདུག རྩེ་སྐོར་གླིང་སྐོར་ལ་འགྲོ་བསྡད་ཡ་ཨེ་འདྲ་འདུག
STT_TT00203_00865.800-00871.900,བསང་གཏང་ཀ་འགྲོ་བསྡད་ཡ་དེ་འདྲ་འདུག ཁམས་རེད། ཨ་མདོ་རེད། ཨེ་ནས་མི། རྒྱ་ནག་གི་གནས་ཆེན་ཁག་དེ་བ་ལ། དེ་འདྲ་གི དེ་ཚོ་ཁག་ལ་ཡ། གནས་སྐོར་འགྲོ་བསྡད་ཡ་ཟོལ་དེ་འདྲ།  ,bsang gtang ka 'gro bsdad ya de 'dra 'dug_khams red/_a mdo red/_e nas mi/_rgya nag gi gnas chen khag de ba la/_de 'dra gi_de tsho khag la ya/_gnas skor 'gro bsdad ya zol de 'dra/__,https://d38pmlk0v88drf.cloudfront.net/wav16k/STT_TT00203_00865.800-00871.900.wav,STT_TT,3,151,6.100000000000023,wav16k/STT_TT00203_00865.800-00871.900.wav,བསང་གཏང་ག་འགྲོ་བསྡད་ཡ་ཨེ་འདྲ་འདུག ཁམས་རེད། ཨ་མདོ་རེད། ཨེ་ནས་མི་རྒྱ་ནག་གི་གནས་ཆེན་ཁག་དེ་བ་ར། དེ་འདྲ་རེད། དེ་ཚོ་ཁ་ལ་ཡ་ཅིགགནས་སྐོར་འགྲོ་བསྡད་ཡ་ཟོལ་འདྲ།
STT_TT00203_00872.350-00873.600,ད་ཆོས་བྱེད་ཡ་ལ་ཡ།  ,da chos byed ya la ya/__,https://d38pmlk0v88drf.cloudfront.net/wav16k/STT_TT00203_00872.350-00873.600.wav,STT_TT,3,19,1.25,wav16k/STT_TT00203_00872.350-00873.600.wav,ད་ཆོས་བྱེད་ཡ་ལ་ཡ།
STT_TT00203_00873.950-00875.850,བྱེད་སྟངས། བྱེད་ལུགས་སྣ་མིན་སྣ་ཚོགས་མང་པོ་ཞེ་བོ་ཞིག་ཡོང་ཆོག་གི་འདུག་གཱ ,byed stangs/_byed lugs sna min sna tshogs mang po zhe bo zhig yong chog gi 'dug gA_,https://d38pmlk0v88drf.cloudfront.net/wav16k/STT_TT00203_00873.950-00875.850.wav,STT_TT,3,71,1.8999999999999773,wav16k/STT_TT00203_00873.950-00875.850.wav,བྱེད་སྟངས་བྱེད་ལུགས་སྣ་མིན་སྣ་ཚོགས་མང་པོ་ཞེ་བོ་ཞིག་ཡོང་ཆོག་གི་འདུག་ག
STT_TT00203_00885.250-00888.150,བྱང་ཆུབ་སེམས་འདི་ཉམས་ལེན་འདི། ཡོད་པ་ཡིན་ན། ག་རེ་བྱེད་ནའང་ཆོས་རེད།  ,byang chub sems 'di nyams len 'di/_yod pa yin na/_ga re byed na'ang chos red/__,https://d38pmlk0v88drf.cloudfront.net/wav16k/STT_TT00203_00885.250-00888.150.wav,STT_TT,3,67,2.8999999999999773,wav16k/STT_TT00203_00885.250-00888.150.wav,བྱང་ཆུབ་སེམས་ཀི་ཉམས་ལེན་དི་ཡོད་པ་ཡིན་ན། ག་རེ་བྱས་ནའ་ཆོས་རེད།
STT_TT00203_00888.400-00890.500,ད་འདའ་ཉིན། ང་ཚོ་དེ་ནས་ཡ། ལེའུ་དང་པོ། གཉིས་པ། གསུམ་པ།  ,da 'da' nyin/_nga tsho de nas ya/_le'u dang po/_gnyis pa/_gsum pa/__,https://d38pmlk0v88drf.cloudfront.net/wav16k/STT_TT00203_00888.400-00890.500.wav,STT_TT,3,54,2.1000000000000227,wav16k/STT_TT00203_00888.400-00890.500.wav,ད་ད་ཉིན་ང་ཚོ་འདི་ནས་ཡར། ལེའུ་དང་པོ་གཉིས་པ། གསུམ་པ།
STT_TT00203_00890.850-00891.850,བཞི་བ་བར་དུ་ཁྲིད་དུས་དེ་བ།  ,bzhi ba bar du khrid dus de ba/__,https://d38pmlk0v88drf.cloudfront.net/wav16k/STT_TT00203_00890.850-00891.850.wav,STT_TT,3,28,1.0,wav16k/STT_TT00203_00890.850-00891.850.wav,བཞིས་བ་བར་དུ་ཁྲིད་དུས་དེ་བ།
STT_TT00203_00892.000-00894.350,ད་རྒྱལ་སྲས་ཞི་བ་ལྷས། དེ་འདྲ་རྐྱང་རྐྱང་གསུངས་བྱས། ཞུགས་སོང་ང་།  ,da rgyal sras zhi ba lhas/_de 'dra rkyang rkyang gsungs byas/_zhugs song nga /__,https://d38pmlk0v88drf.cloudfront.net/wav16k/STT_TT00203_00892.000-00894.350.wav,STT_TT,3,63,2.3500000000000227,wav16k/STT_TT00203_00892.000-00894.350.wav,ད་རྒྱལ་སྲས་ཞི་བ་ལྷས། དེ་འདྲ་རྐྱང་རྐྱང་གསུངས་བྱས་བཞུགས་སོང་ང་།
STT_TT00203_00894.600-00897.800,བྱང་ཆུབ་སེམས་ཀི་ཉམས་ལེན་དགོས་རེད། བྱང་ཆུབ་སེམས་ཀི་ཉམས་ལེན་དགོས་རེད། དེ་འདྲ་རྐྱང་རྐྱང་གསུངས་ཞུགས་ཀི་འདུག་གཱ ,byang chub sems ki nyams len dgos red/_byang chub sems ki nyams len dgos red/_de 'dra rkyang rkyang gsungs zhugs ki 'dug gA_,https://d38pmlk0v88drf.cloudfront.net/wav16k/STT_TT00203_00894.600-00897.800.wav,STT_TT,3,107,3.199999999999932,wav16k/STT_TT00203_00894.600-00897.800.wav,བྱང་ཆུབ་སེམས་ཀི་ཉམས་ལེན་དགོས་རེད། བྱང་ཆུབ་སེམས་ཀི་ཉམས་ལེན་དགོས་རེད། དེ་འདྲ་རྐྱང་རྐྱང་སྲུངས་བཞག་གི་འདུག་ག
STT_TT00203_00898.250-00900.800,གལ་སྲིད་བྱང་ཆུབ་སེམས་ཀི་ཉམས་ལེན་ཞིག་མེད་པ་ཡིན་ན། ང་ཚོ་ཁ་འདོན་བྱས་ནའང་།  ,gal srid byang chub sems ki nyams len zhig med pa yin na/_nga tsho kha 'don byas na'ang /__,https://d38pmlk0v88drf.cloudfront.net/wav16k/STT_TT00203_00898.250-00900.800.wav,STT_TT,3,72,2.5499999999999545,wav16k/STT_TT00203_00898.250-00900.800.wav,གལ་སྲིད་བྱང་ཆུབ་སེམས་ཀི་ཉམས་ལེན་ཞིག་མེད་པ་ཡིན་ན། ང་ཚོས་ཁ་འདོན་བྱས་ནའ་།
STT_TT00203_00901.200-00902.600,རྩེ་སྐོར་གླིང་འཁོར་དེ་བ། ཕྱིན་པ་ཡིན་ན་ལས།  ,rtse skor gling 'khor de ba/_phyin pa yin na las/__,https://d38pmlk0v88drf.cloudfront.net/wav16k/STT_TT00203_00901.200-00902.600.wav,STT_TT,3,43,1.3999999999999773,wav16k/STT_TT00203_00901.200-00902.600.wav,རྩེ་སྐོར་གླིང་སྐོར་དེ་བ་ཕྱིན་པ་ཡིན་ན་ལེ།
STT_TT00203_00903.000-00904.150,ཤུགས་དེ་ཙམ་པ་ཡོད་མ་རེད།  ,shugs de tsam pa yod ma red/__,https://d38pmlk0v88drf.cloudfront.net/wav16k/STT_TT00203_00903.000-00904.150.wav,STT_TT,3,25,1.1499999999999773,wav16k/STT_TT00203_00903.000-00904.150.wav,ཤུགས་དེ་ཙམ་རང་ཡོད་མ་རེད།
STT_TT00203_00905.100-00906.350,དེ་ཙམ་གི ཕན་ཐོགས་སེ་གེ་ཡོད་མ་རེད།  ,de tsam gi_phan thogs se ge yod ma red/__,https://d38pmlk0v88drf.cloudfront.net/wav16k/STT_TT00203_00905.100-00906.350.wav,STT_TT,3,35,1.25,wav16k/STT_TT00203_00905.100-00906.350.wav,དེ་ཙམ་གི་ཕན་ཐོགས་སེ་གེ་ཡོད་མ་རེད།
STT_TT00203_00906.750-00908.700,ཕན་ཐོགས་རྩ་བ་ཉིད་ནས། མེད་པ་དེ་འདྲ་མ་རེད།  ,phan thogs rtsa ba nyid nas/_med pa de 'dra ma red/__,https://d38pmlk0v88drf.cloudfront.net/wav16k/STT_TT00203_00906.750-00908.700.wav,STT_TT,3,42,1.9500000000000453,wav16k/STT_TT00203_00906.750-00908.700.wav,ཕན་ཐོགས་རྩ་བ་ཉིད་ནས་མེད་པ་དེ་འདྲ་མ་རེད།
STT_TT00203_00909.350-00911.500,དེ་ཙམ་གི ཕན་ཐོགས་ཤུགས་ཆེན་པོ་སེ་གེ་ཡོད་མ་རེད་བྱས།  ,de tsam gi_phan thogs shugs chen po se ge yod ma red byas/__,https://d38pmlk0v88drf.cloudfront.net/wav16k/STT_TT00203_00909.350-00911.500.wav,STT_TT,3,51,2.1499999999999773,wav16k/STT_TT00203_00909.350-00911.500.wav,དེ་ཙམ་གི་ཕན་ཐོགས་ཤུགས་ཆེན་པོ་སེ་གེ་ཡོད་མ་རེད་བྱས།
STT_TT00203_00911.950-00913.450,ད་འདའ་ཉིན། གཞེས་ཉིན། ང་ཚོས་ཞེ་དྲག་ཞུས་སོང་ང་།  ,da 'da' nyin/_gzhes nyin/_nga tshos zhe drag zhus song nga /__,https://d38pmlk0v88drf.cloudfront.net/wav16k/STT_TT00203_00911.950-00913.450.wav,STT_TT,3,47,1.5,wav16k/STT_TT00203_00911.950-00913.450.wav,ད་འད་ཉིན་གཤེས་ཉིན་ང་ཚོ་ཞེ་དྲག་བཞུས་སོང་ང་།
STT_TT00203_00914.100-00915.700,ད་བྱང་ཆུབ་སེམས་ཀི་ཉམས་ལེན་བྱེད་དགོས་རེད་བྱས།  ,da byang chub sems ki nyams len byed dgos red byas/__,https://d38pmlk0v88drf.cloudfront.net/wav16k/STT_TT00203_00914.100-00915.700.wav,STT_TT,3,46,1.6000000000000227,wav16k/STT_TT00203_00914.100-00915.700.wav,ད་བྱང་ཆུབ་སེམས་ཀི་ཉམས་ལེན་བྱེད་དགོས་རེད་བྱས།
STT_TT00203_00916.050-00917.950,ད་བྱང་ཆུབ་སེམས་ཀི་ཉམས་ལེན་ཟེར་ཡ་འདི།  ,da byang chub sems ki nyams len zer ya 'di/__,https://d38pmlk0v88drf.cloudfront.net/wav16k/STT_TT00203_00916.050-00917.950.wav,STT_TT,3,38,1.900000000000091,wav16k/STT_TT00203_00916.050-00917.950.wav,ད་བྱང་ཆུབ་སེམས་ཀི་ཉམས་ལེན་ཟེར་ཡ་འདི།
STT_TT00203_00918.250-00920.350,ང་ཚོས་དཔེ་ནང་ནས་མ། སྐད་ཆ་བཤད་ཡོང་དུས་དེ་བ།  ,nga tshos dpe nang nas ma/_skad cha bshad yong dus de ba/__,https://d38pmlk0v88drf.cloudfront.net/wav16k/STT_TT00203_00918.250-00920.350.wav,STT_TT,3,44,2.1000000000000227,wav16k/STT_TT00203_00918.250-00920.350.wav,ང་ཚོ་དཔེ་ཆ་ནང་ནས།་མ་སྐད་ཆ་བཤད་ཡོང་དུས་དེ་བ།
STT_TT00203_00920.550-00922.850,འདིའི་མིང་ལ་ཡ། བྱང་ཆུབ་ཀི་སེམས་བྱས་ནས། མིང་འདི་བཏགས་བྱས།  ,'di'i ming la ya/_byang chub ki sems byas nas/_ming 'di btags byas/__,https://d38pmlk0v88drf.cloudfront.net/wav16k/STT_TT00203_00920.550-00922.850.wav,STT_TT,3,58,2.300000000000068,wav16k/STT_TT00203_00920.550-00922.850.wav,འདིི་མིང་ལ་ཡ། བྱང་ཆུབ་ཀི་སེམས་བྱས་ནས། མིང་འདི་བཏགས་བྱས།
STT_TT00203_00924.100-00926.600,ཡིན་ནའང་། དེ་རིང་ཁ་སང་། ང་རང་ཚོའི་ནང་དཱ། ཅིག་སྤྱི་ཚོགས་སྒང་ལ།  ,yin na'ang /_de ring kha sang /_nga rang tsho'i nang dA/_cig spyi tshogs sgang la/__,https://d38pmlk0v88drf.cloudfront.net/wav16k/STT_TT00203_00924.100-00926.600.wav,STT_TT,3,63,2.5,wav16k/STT_TT00203_00924.100-00926.600.wav,ཡིན་ནའང་། དེ་རིང་ཁ་སང་ང་རང་ཚོའི་ནང་དང་ཅིག་སྤྱི་ཚོགས་སྒང་ལ།
STT_TT00203_00926.850-00928.600,འཚོ་བའི་ནང་ལ་ཕ། སྐད་ཆ་བཤད་བསྡད་དུས། ག་རེ་ཟེར་གི་རེད་ཟེར་ན།  ,'tsho ba'i nang la pha/_skad cha bshad bsdad dus/_ga re zer gi red zer na/__,https://d38pmlk0v88drf.cloudfront.net/wav16k/STT_TT00203_00926.850-00928.600.wav,STT_TT,3,60,1.75,wav16k/STT_TT00203_00926.850-00928.600.wav,འཚོ་བའི་ནང་ལ་ཕར་སྐད་ཆ་བཤད་བསྡད་དུས། ག་རེ་ཟེར་གི་ཡོ་ེད་ཟེར་ན།
STT_TT00203_00928.900-00930.550,སེམས་པ་བཟང་པོ་ཟེར་ཡ། སྐད་ཆ་འདི་རེད་བ།  ,sems pa bzang po zer ya/_skad cha 'di red ba/__,https://d38pmlk0v88drf.cloudfront.net/wav16k/STT_TT00203_00928.900-00930.550.wav,STT_TT,3,39,1.6499999999999773,wav16k/STT_TT00203_00928.900-00930.550.wav,སེམས་པ་བཟང་པོ་ཟེར་ཡ། སྐད་ཆ་འདི་རེད་བ།
STT_TT00203_00930.750-00933.300,ད་སེམས་པ་བཟང་པོ་དགོས་རེད་དཱ། སེམས་པ་བཟང་པོ་ཆགས་པ་ཞིག་དགོས་རེད་དཱ་བྱས་ནས།  ,da sems pa bzang po dgos red dA/_sems pa bzang po chags pa zhig dgos red dA byas nas/__,https://d38pmlk0v88drf.cloudfront.net/wav16k/STT_TT00203_00930.750-00933.300.wav,STT_TT,3,74,2.5499999999999545,wav16k/STT_TT00203_00930.750-00933.300.wav,ད་སེམས་པ་བཟང་པོ་དགོས་རེད་ད་བྱས་ནས། སེམས་པ་བཟང་པོ་ཆགས་པ་ཞིག་དགོས་རེད་ད་བྱས་ནས།
STT_TT00203_00933.700-00935.250,ད་འདི་རེད་བ། འོ་འདི་ཡོན་ཏན་འདི་རེད།  ,da 'di red ba/_'o 'di yon tan 'di red/__,https://d38pmlk0v88drf.cloudfront.net/wav16k/STT_TT00203_00933.700-00935.250.wav,STT_TT,3,37,1.5499999999999543,wav16k/STT_TT00203_00933.700-00935.250.wav,ད་འདི་རེད་བ། འོ་འདི་ཡོན་ཏན་འདི་རེད།
STT_TT00203_00935.550-00938.300,ད་གང་ལྟར། ཆོས་སྐོར་བཤད་ཀི་ཡིན་ནའང་འདྲ། འཇིག་རྟེན་སྐོར་བཤད་ཀི་ཡིན་ནའང་འདྲ།  ,da gang ltar/_chos skor bshad ki yin na'ang 'dra/_'jig rten skor bshad ki yin na'ang 'dra/__,https://d38pmlk0v88drf.cloudfront.net/wav16k/STT_TT00203_00935.550-00938.300.wav,STT_TT,3,75,2.75,wav16k/STT_TT00203_00935.550-00938.300.wav,ད་གང་ལྟར།་ཆོས་སྐོར་བཤད་ཀི་ཡིན་ནའ་འདྲ། འཇིག་རྟེན་སྐོར་བཤད་ཀི་ཡིན་ནའང་འདྲ། ག
STT_TT00203_00938.450-00939.450,བཤད་ནས་མ་བཤད་ནས།  ,bshad nas ma bshad nas/__,https://d38pmlk0v88drf.cloudfront.net/wav16k/STT_TT00203_00938.450-00939.450.wav,STT_TT,3,18,1.0,wav16k/STT_TT00203_00938.450-00939.450.wav,བཤད་ནས་མ་བཤད་ནས།
STT_TT00203_00939.850-00941.850,མདོ་བཤད་ཀི་ཡིན་ནའང་འདྲ། སྔགས་བཤད་ཀི་ཡིན་ནའང་འདྲ། ག་བཤད་ན། མ་བཤད།  ,mdo bshad ki yin na'ang 'dra/_sngags bshad ki yin na'ang 'dra/_ga bshad na/_ma bshad/__,https://d38pmlk0v88drf.cloudfront.net/wav16k/STT_TT00203_00939.850-00941.850.wav,STT_TT,3,66,2.0,wav16k/STT_TT00203_00939.850-00941.850.wav,མྡོ་བཤད་ཀི་ཡིན་ནའ་འདྲ། སྔགས་བཤད་ཀི་ཡིན་ནའང་འདྲ། ག་རེ་བཤད་ནས་མ་བཤད།
STT_TT00203_00942.100-00943.600,གང་ལྟར་སེམས་པ་བཟང་པོ་ཞིག་དགོས་རེད་བྱས།  ,gang ltar sems pa bzang po zhig dgos red byas/__,https://d38pmlk0v88drf.cloudfront.net/wav16k/STT_TT00203_00942.100-00943.600.wav,STT_TT,3,40,1.5,wav16k/STT_TT00203_00942.100-00943.600.wav,གང་ལྟར་སེམས་པ་བཟང་པོ་ཞིག་དགོས་རེད་བྱས་།
STT_TT00203_00943.750-00944.600,འོ་ད། འདི་དགོས་ཀི་འདུག ,'o da/_'di dgos ki 'dug_,https://d38pmlk0v88drf.cloudfront.net/wav16k/STT_TT00203_00943.750-00944.600.wav,STT_TT,3,23,0.8500000000000227,wav16k/STT_TT00203_00943.750-00944.600.wav,འོ་ད།་འདི་དགོས་ཀི་འདུག
STT_TT00203_00945.200-00947.300,ད་བྱང་ཆུབ་སེམས་ཀི་ཉམས་ལེན་ཞིག བྱེད་པར་བྱེད་པ་ལ་ཡ།  ,da byang chub sems ki nyams len zhig_byed par byed pa la ya/__,https://d38pmlk0v88drf.cloudfront.net/wav16k/STT_TT00203_00945.200-00947.300.wav,STT_TT,3,51,2.099999999999909,wav16k/STT_TT00203_00945.200-00947.300.wav,ད་བྱང་ཆུབ་སེམས་ཀི་ཉམས་ལེན་ཅིག་བྱེད་པར་བྱེད་པ་ལ་ཡ།
STT_TT00203_00947.450-00949.950,ཨ་ལས། སྔོན་ལ་ཡ། ང་ཚོ་བྱང་ཆུབ་སེམས་ཀི་ཉམས་ལེན་བྱེད་སྟངས་ཤེས་དགོས་ཀི་འདུག་གཱ ,a las/_sngon la ya/_nga tsho byang chub sems ki nyams len byed stangs shes dgos ki 'dug gA_,https://d38pmlk0v88drf.cloudfront.net/wav16k/STT_TT00203_00947.450-00949.950.wav,STT_TT,3,75,2.5,wav16k/STT_TT00203_00947.450-00949.950.wav,ཨ་ལེ་སྔོན་ལ་ཡ། ང་ཚོས་བྱང་ཆུབ་སེམས་ཀི་ཉམས་ལེན་བྱེད་སྟངས་ཤེས་དགོས་ཀི་འདུག་གཱ
STT_TT00203_00950.400-00951.750,ག་འདྲ་ཞིག་ལ་བྱང་ཆུབ་ཀི་སེམས་ཟེར་གི་རེད།  ,ga 'dra zhig la byang chub ki sems zer gi red/__,https://d38pmlk0v88drf.cloudfront.net/wav16k/STT_TT00203_00950.400-00951.750.wav,STT_TT,3,41,1.3500000000000227,wav16k/STT_TT00203_00950.400-00951.750.wav,ག་འདྲ་ཅིག་ལ་བྱང་ཆུབ་ཀི་སེམས་ཟེར་གི་རེད།
STT_TT00203_00952.000-00953.400,བྱང་ཆུབ་ཀི་སེམས། ཉམས་སུ་ལེན་སྟངས་ག ,byang chub ki sems/_nyams su len stangs ga_,https://d38pmlk0v88drf.cloudfront.net/wav16k/STT_TT00203_00952.000-00953.400.wav,STT_TT,3,35,1.3999999999999773,wav16k/STT_TT00203_00952.000-00953.400.wav,བྱང་ཆུབ་ཀི་སེམས་ཉམས་སུ་ལེན་སྟངས་ག་ར
STT_TT00203_00954.000-00954.550,ཉམས་ལེན་ཟེར།  ,nyams len zer/__,https://d38pmlk0v88drf.cloudfront.net/wav16k/STT_TT00203_00954.000-00954.550.wav,STT_TT,3,14,0.5499999999999545,wav16k/STT_TT00203_00954.000-00954.550.wav,ཉམས་ལེན།
STT_TT00203_00955.200-00956.300,ང་ཚོ་དེ་ཚོ། ཤེས་དགོས་ཀི་ཡོད་རེད།  ,nga tsho de tsho/_shes dgos ki yod red/__,https://d38pmlk0v88drf.cloudfront.net/wav16k/STT_TT00203_00955.200-00956.300.wav,STT_TT,3,34,1.099999999999909,wav16k/STT_TT00203_00955.200-00956.300.wav,ང་ཚོ་དེ་ཚོ་ཤེས་དགོས་ཀི་ཡོད་རེད།
STT_TT00203_00956.850-00961.550,འདི་སོང་ཙང་། ད་ང་ཚོ། བྱང་ཆུབ་ཀི་སེམས་ཀི་ཉམས་ལེན་བྱེད་ཡ་གི་ཆེད་དུ། དེ་སྤྱོད་འཇུག་ཆེན་པོའི་ཁྲིད་ཞུ་གི་ཡིན་བསམ་བསམ ,'di song tsang /_da nga tsho/_byang chub ki sems ki nyams len byed ya gi ched du/_de spyod 'jug chen po'i khrid zhu gi yin bsam bsam_,https://d38pmlk0v88drf.cloudfront.net/wav16k/STT_TT00203_00956.850-00961.550.wav,STT_TT,3,112,4.699999999999932,wav16k/STT_TT00203_00956.850-00961.550.wav,དེ་སོང་ཙང་། ད་ང་ཚོས་བྱང་ཆུབ་ཀི་སེམས་ཀི་ཉམས་ལེན་བྱེད་ཡ་གི་ཆེད་དུ། འདེ་སྤྱོད་འཇུག་ཆེན་པོའི་ཁྲིད་ཞུ་གི་ཡིན་བསམས།
STT_TT00203_00962.000-00963.150,བསམ་བློ་འོ་འདི། གཏང་དགོས་ཀི་ཡོད་རེད་བ།  ,bsam blo 'o 'di/_gtang dgos ki yod red ba/__,https://d38pmlk0v88drf.cloudfront.net/wav16k/STT_TT00203_00962.000-00963.150.wav,STT_TT,3,40,1.1499999999999773,wav16k/STT_TT00203_00962.000-00963.150.wav,བསམ་བློ་འོ་འདི་གཏང་དགོས་ཀི་ཡོད་རེད་བ།
STT_TT00203_00963.400-00965.850,ང་ཚོ། དེ་རིང་དེ། སྤྱོད་འཇུག་ཆེན་པོའི་ཁྲིད་ཞུ་ཡ་འདི།  ,nga tsho/_de ring de/_spyod 'jug chen po'i khrid zhu ya 'di/__,https://d38pmlk0v88drf.cloudfront.net/wav16k/STT_TT00203_00963.400-00965.850.wav,STT_TT,3,53,2.450000000000045,wav16k/STT_TT00203_00963.400-00965.850.wav,ང་ཚོ་དེ་རིང་འདི།་སྤྱོད་འཇུག་ཆེན་མོའི་ཁྲིད་ཞུ་ཡ་འདི།
STT_TT00202_00841.250-00853.200,ནམ་ཞིག་རྡོ་རྗེ་གདན་གི་རི་བོའི་སྦོར། བྱམས་མགོན་མཉེས་བྱེད་དབང་པོ་ཤར་བའི་ཚེ། བདག་གི་བློ་གྲོས་པད་མོ་ཁ་ཕྱེ་ནས།  ,nam zhig rdo rje gdan gi ri bo'i sbor/_byams mgon mnyes byed dbang po shar ba'i tshe/_bdag gi blo gros pad mo kha phye nas/__,https://d38pmlk0v88drf.cloudfront.net/wav16k/STT_TT00202_00841.250-00853.200.wav,STT_TT,3,107,11.950000000000044,wav16k/STT_TT00202_00841.250-00853.200.wav,ནམ་ཞིག་རྡོ་རྗེ་གདན་གི་རི་བོའི་བོར། བྱམ་མགོན་ཉེར་བྱེད་དབང་པོ་ཤར་བའི་ཚེ། བདག་གི་བློ་གྲོས་དཔལ་མོ་ཁ་ཕྱེ་ནས།
STT_TT00203_00966.100-00971.750,ད་ག་སེ་ཞིག ཟ་རྒྱུ་དཱ། འཐུང་རྒྱུ་དཱ་གྱོན་རྒྱུ། ད་ག་ནང་བཞིན་གི ལྟོ་གོ་ས། རྐུབ་བཀྱག་གི་ཟོལ། དེ་འདྲ་གི་དོན་དག་ལ། ང་ཚོ་དེ་སྤྱོད་འཇུག་ཆེན་པོའི་ཁྲིད་ཞུ་ཀ།  ,da ga se zhig_za rgyu dA/_'thung rgyu dA gyon rgyu/_da ga nang bzhin gi_lto go sa/_rkub bkyag gi zol/_de 'dra gi don dag la/_nga tsho de spyod 'jug chen po'i khrid zhu ka/__,https://d38pmlk0v88drf.cloudfront.net/wav16k/STT_TT00203_00966.100-00971.750.wav,STT_TT,3,149,5.649999999999977,wav16k/STT_TT00203_00966.100-00971.750.wav,ད་ག་སེ་ཅིག་ཟ་རྒྱུ་དང་འཐུང་རྒྱུ་དང་གོན་རྒྱུ། ད་ག་ནང་བཞིན་གི་སྟོབ་གོ་ས་རྐུབ་བཀྱག་གི་ཟོལ། དེ་འདྲ་གི་དོན་དག་ལ། ང་ཚོ་འདི་སྤྱོད་འཇུག་ཆེན་མོའི་ཁྲིད་ཤོག་ཨ།
STT_TT00203_00972.050-00976.300,ཕེབས་པ་མ་རེད་བ། ད་སྤྱོད་འཇུག་ཆེན་པོའི་ཁྲིད་ཞུ་ཡ་འདི། བྱང་ཆུབ་སེམས་ཀི་ཉམས་ལེན་སྤུས་གཙང་མ་ཞིག ཤེས་ཡ་གི་ཆེད།  ,phebs pa ma red ba/_da spyod 'jug chen po'i khrid zhu ya 'di/_byang chub sems ki nyams len spus gtsang ma zhig_shes ya gi ched/__,https://d38pmlk0v88drf.cloudfront.net/wav16k/STT_TT00203_00972.050-00976.300.wav,STT_TT,3,107,4.25,wav16k/STT_TT00203_00972.050-00976.300.wav,ཕེབས་པ་མ་རེད་བ། ད་སྤྱོད་འཇུག་ཆེན་པོའི་ཁྲིད་ཞུ་ཡ་འདི། བྱང་ཆུབ་སེམས་ཀི་ཉམས་ལེན་སྤུས་གཙང་མ་ཞིག་ཤེས་ཡ་གི་ཆད
STT_TT00203_00977.300-00978.650,ཨ་ལས་ཆོས། བྱེད་པ་ལ་ཆོས།  ,a las chos/_byed pa la chos/__,https://d38pmlk0v88drf.cloudfront.net/wav16k/STT_TT00203_00977.300-00978.650.wav,STT_TT,3,25,1.3500000000000227,wav16k/STT_TT00203_00977.300-00978.650.wav,ཨ་ལས།་ཆོས་བྱེད་པ་ལ་ཆོས།
STT_TT00203_00978.850-00979.450,ཤེས་དགོས་ཀི་ཡོད་རེད།  ,shes dgos ki yod red/__,https://d38pmlk0v88drf.cloudfront.net/wav16k/STT_TT00203_00978.850-00979.450.wav,STT_TT,3,22,0.6000000000000227,wav16k/STT_TT00203_00978.850-00979.450.wav,ཤེས་དགོས་ཀི་ཡོད་རེད།
STT_TT00203_00980.100-00981.650,ཤེས་པ་ལ། ཆོས་འདི་ཐོས་པ་མཛད་དགོས་ཀི ,shes pa la/_chos 'di thos pa mdzad dgos ki_,https://d38pmlk0v88drf.cloudfront.net/wav16k/STT_TT00203_00980.100-00981.650.wav,STT_TT,3,35,1.5499999999999543,wav16k/STT_TT00203_00980.100-00981.650.wav,ཤེས་པ་ལང་ཆོས་འདི་ཐོས་པ་བཙལ་དགོས་ཀི
STT_TT00202_00853.350-00863.950,སྐལ་བཟང་འཕང་བའི་ཚོགས་རྣམས་ཚིམ་བྱེད་ཤོག། ཨོ་ད་ཚར་གཉིས་པ་དེ་ཡིན་ད་ད་ཚར་གསུམ་པའི་ཁ་ཐུག་ལ་བསམ་བློ་དག་ད་རང་བཏང་རྒྱུ་བྱས་ ,skal bzang 'phang ba'i tshogs rnams tshim byed shog/_o da tshar gnyis pa de yin da da tshar gsum pa'i kha thug la bsam blo dag da rang btang rgyu byas _,https://d38pmlk0v88drf.cloudfront.net/wav16k/STT_TT00202_00853.350-00863.950.wav,STT_TT,3,116,10.600000000000025,wav16k/STT_TT00202_00853.350-00863.950.wav,སྐལ་བཟང་བུང་བའི་ཚོགས་རྣས་སིམ་བྱེད་ཤོགའོ་འད་ཚར་གཉིས་པ་འདི་ཡིན་དཱ། ད་ཚར་གསུམ་པའི་ཁ་ཐུག་ལ།་བསམ་བློ་ད་ག་རང་གཏང་རྒྱུ་བྱས།
STT_TT00202_00864.400-00866.500,སོ་སོའི་པད་གོག་དེ་རྗེ་བཙུན་བྱམས་མགོན་གིས་ ,so so'i pad gog de rje btsun byams mgon gis _,https://d38pmlk0v88drf.cloudfront.net/wav16k/STT_TT00202_00864.400-00866.500.wav,STT_TT,3,42,2.1000000000000227,wav16k/STT_TT00202_00864.400-00866.500.wav,སོ་སོའི་པལ་ཀོག་འདེ། རྗེ་བཙུན་བྱམས་མཔོན་གི
STT_TT00202_00866.800-00868.950,ཞབས་པད། ད་ང་ཚོས་ཞེས་ས་མ་ཞུས་ན་པད་མ་ཟེར་གི་རེད་བ་ ,zhabs pad/_da nga tshos zhes sa ma zhus na pad ma zer gi red ba _,https://d38pmlk0v88drf.cloudfront.net/wav16k/STT_TT00202_00866.800-00868.950.wav,STT_TT,3,49,2.150000000000091,wav16k/STT_TT00202_00866.800-00868.950.wav,ཞབས་པས། ད་ང་ཚོ་ཞེ་ས་མ་ཞུས་ན། པུས་མོ་ཟེར་གི་རེད་བ།
STT_TT00203_00050.500-00053.150,ང་ཚོའི་ཆོས་ལ་ཡ། མི་ཚེ་སྐྱལ་བྱས་སྡོད་ཡ་ཞིག་ཡོང་གི་རེད་པས་ཟེར་གི་འདུག་ན།  ,nga tsho'i chos la ya/_mi tshe skyal byas sdod ya zhig yong gi red pas zer gi 'dug na/__,https://d38pmlk0v88drf.cloudfront.net/wav16k/STT_TT00203_00050.500-00053.150.wav,STT_TT,3,72,2.6499999999999986,wav16k/STT_TT00203_00050.500-00053.150.wav,ང་ཚོ་ཆོས་ལ་ཡ། མི་ཚེ་སྐྱེལ་བྱས་སྡོད་ཡ་ཞིག་ཡོང་གི་རེད་པེ་ཟེར་གི་འདུག་ན།
STT_TT00202_00869.500-00871.800,དེ་ལས་ལ་ཕར་ཐུག་བསྡད་ཡོད་བསམ་བསམ་གི་བསམ་བློ་གཅིག་བཏང་ ,de las la phar thug bsdad yod bsam bsam gi bsam blo gcig btang _,https://d38pmlk0v88drf.cloudfront.net/wav16k/STT_TT00202_00869.500-00871.800.wav,STT_TT,3,53,2.2999999999999545,wav16k/STT_TT00202_00869.500-00871.800.wav,དེ་ལས་ལ་ཕ་གཐུག་བསྡད་ཡོད་བསམ་བསམ་གི་བསམ་བློ་ཞིག་བཏང་།
STT_TT00203_00838.750-00841.300,ད་འདའ་ལུས་ཀི་ཐོག་ནས་རེད། སེམས་ཀི་ཐོགས་ནས་རེད། ངག་གི་ཐོག་ནས་རེད།  ,da 'da' lus ki thog nas red/_sems ki thogs nas red/_ngag gi thog nas red/__,https://d38pmlk0v88drf.cloudfront.net/wav16k/STT_TT00203_00838.750-00841.300.wav,STT_TT,3,65,2.5499999999999545,wav16k/STT_TT00203_00838.750-00841.300.wav,ད་ལྟ་ལུས་ཀི་ཐོག་ནས་རེད། སེམས་ཀི་ཐོག་ནས་རེད། ངག་གི་ཐོག་ནས་རེད།
STT_TT00202_00872.250-00874.250,ཨེ་ནས་ད་ད་ཅི་གོང་ལ་བཤད་པ་ནང་བཞིན་བྱས་ནས་ ,e nas da da ci gong la bshad pa nang bzhin byas nas _,https://d38pmlk0v88drf.cloudfront.net/wav16k/STT_TT00202_00872.250-00874.250.wav,STT_TT,3,41,2.0,wav16k/STT_TT00202_00872.250-00874.250.wav,ཨེ་ནས་ད། ད་གིན་གོང་ལ་བཤད་པ་ནང་བཞིན་བྱས་ནས།
STT_TT00203_00841.700-00843.800,ཟ་རྒྱུ་འཐུང་རྒྱུ་གོན་རྒྱུ་རེད། དེ་འདྲ་གི་ཆ་རྐྱེན་གི་ཐོག་ནས་རེད།  ,za rgyu 'thung rgyu gon rgyu red/_de 'dra gi cha rkyen gi thog nas red/__,https://d38pmlk0v88drf.cloudfront.net/wav16k/STT_TT00203_00841.700-00843.800.wav,STT_TT,3,65,2.099999999999909,wav16k/STT_TT00203_00841.700-00843.800.wav,ཟ་རྒྱུ་འཐུང་རྒྱུ་གོན་རྒྱུ་རེད། དེ་འདྲ་གི་ཆ་རྐྱེན་གི་ཐོག་ནས།
STT_TT00202_00874.550-00877.250,རྒྱུད་ལམབཞུགས་བསྡད་རྒྱོ་གི་སྐྱབས་ཡུལ་རབ་འབྱམས་རྒྱ་མཚོའི་ཡོན་ཏན་དང་།  ,rgyud lamabazhugs bsdad rgyo gi skyabs yul rab 'byams rgya mtsho'i yon tan dang /__,https://d38pmlk0v88drf.cloudfront.net/wav16k/STT_TT00202_00874.550-00877.250.wav,STT_TT,3,69,2.700000000000045,wav16k/STT_TT00202_00874.550-00877.250.wav,རྒྱུན་ལ་བཞུགས་བསྡད་རྒྱོ་གི་སྐྱབས་ཡུལ་རབ་འབྱམས་རྒྱ་མཚོའི་ཡོན་ཏན་དང་།
STT_TT00202_00877.550-00879.500,ཨེ་ནས་སེམས་ཅན་དེ་གེ་སྐྱོབ་འདོད་ཀི་སྙིང་རྗེ་དང་།  ,e nas sems can de ge skyob 'dod ki snying rje dang /__,https://d38pmlk0v88drf.cloudfront.net/wav16k/STT_TT00202_00877.550-00879.500.wav,STT_TT,3,49,1.9500000000000453,wav16k/STT_TT00202_00877.550-00879.500.wav,ཨེ་ནས། སེམས་ཅན་དེ་གས་སྐྱོབ་འདོད་ཀི་སྙིང་རྗེ་དང་།
STT_TT00202_00879.950-00881.750,སངས་རྒྱས་གོ་འཕང་ཐོབ་འདོད་ཀི་འདོད་པ་གསུམ་ ,sangs rgyas go 'phang thob 'dod ki 'dod pa gsum _,https://d38pmlk0v88drf.cloudfront.net/wav16k/STT_TT00202_00879.950-00881.750.wav,STT_TT,3,41,1.7999999999999543,wav16k/STT_TT00202_00879.950-00881.750.wav,སངས་རྒྱས་གོ་འཕང་ཐོབ་འདོད་ཀི་འདོད་པ་གསུམ།
STT_TT00203_00876.250-00877.950,ད་ཡས་ནི་ཡར་ཆོས། ཆོས་དེ་གས་ཀི་ནང་ནས་ཡ།  ,da yas ni yar chos/_chos de gas ki nang nas ya/__,https://d38pmlk0v88drf.cloudfront.net/wav16k/STT_TT00203_00876.250-00877.950.wav,STT_TT,3,39,1.7000000000000457,wav16k/STT_TT00203_00876.250-00877.950.wav,ད་ཡིན་ནའང་། ཆོས་འདེ་གས་གི་ནང་ནས་ཡག
STT_TT00203_00878.100-00879.900,ཆོས་སྤུས་དག་ཤོས་སྟེང་ཟབ་ཤོས།  ,chos spus dag shos steng zab shos/__,https://d38pmlk0v88drf.cloudfront.net/wav16k/STT_TT00203_00878.100-00879.900.wav,STT_TT,3,30,1.7999999999999543,wav16k/STT_TT00203_00878.100-00879.900.wav,ཆོས་ སྤུས་དག་ཤོས་གཏིང་ཟབ་ཤོས།
STT_TT00203_00880.150-00882.150,ཕན་ཐོག་ཤོས་ནང་ནས་ཐོག་ཤོས་ག་རེ་ཆགས་འདུག་ཟེར་ན།  ,phan thog shos nang nas thog shos ga re chags 'dug zer na/__,https://d38pmlk0v88drf.cloudfront.net/wav16k/STT_TT00203_00880.150-00882.150.wav,STT_TT,3,47,2.0,wav16k/STT_TT00203_00880.150-00882.150.wav,ཕན་ཐོགས་ཤོས་ནང་ནི ཐགས་ཤོས་དི། ག་རེ་ཆགས་སྡད་ཡོད་རེད་ཟེར་ན།
STT_TT00203_01011.800-01013.000,ཆོས་ཀིས་རྒྱ་མ་དེ་བཀྱགས་ཡོང་།  ,chos kis rgya ma de bkyags yong /__,https://d38pmlk0v88drf.cloudfront.net/wav16k/STT_TT00203_01011.800-01013.000.wav,STT_TT,3,30,1.2000000000000457,wav16k/STT_TT00203_01011.800-01013.000.wav,ཆོས་ཀི་རྒྱ་མ་དེ་ཅིག་བཀྱགས་ཡོང་།
STT_TT00203_01013.550-01015.150,ང་ཚོ་སང་གང་ཡང་མི་འདུག་ག ,nga tsho sang gang yang mi 'dug ga_,https://d38pmlk0v88drf.cloudfront.net/wav16k/STT_TT00203_01013.550-01015.150.wav,STT_TT,3,24,1.6000000000000227,wav16k/STT_TT00203_01013.550-01015.150.wav,ང་ཚོ་སང་གང་ཡེ་མི་འདུག་གཱ
STT_TT00203_01015.500-01016.350,རྒྱ་མ་བརྒྱ་ཕར་བཞག ,rgya ma brgya phar bzhag_,https://d38pmlk0v88drf.cloudfront.net/wav16k/STT_TT00203_01015.500-01016.350.wav,STT_TT,3,18,0.8500000000000227,wav16k/STT_TT00203_01015.500-01016.350.wav,རྒྱ་མ་བརྒྱ་ཕར་བཞག
STT_TT00203_00882.600-00883.600,སྐུ་གསུམ་གི་མཉམ་ལེན་ཡིན་ ,sku gsum gi mnyam len yin _,https://d38pmlk0v88drf.cloudfront.net/wav16k/STT_TT00203_00882.600-00883.600.wav,STT_TT,3,25,1.0,wav16k/STT_TT00203_00882.600-00883.600.wav,བྱང་ཆུབ་སེམས་ཀི་ཉམས་ལེན།
STT_TT00203_01025.850-01026.450,ཨུ་ཐུག་ངེ་ཟིག་ ,u thug nge zig _,https://d38pmlk0v88drf.cloudfront.net/wav16k/STT_TT00203_01025.850-01026.450.wav,STT_TT,3,15,0.6000000000001364,wav16k/STT_TT00203_01025.850-01026.450.wav,འུ་ཐུག་ངེ་བཟོལ
STT_TT00203_01026.950-01028.200,ཐེབ་ཆག་ཁྱོད་བསམ་བསམ་དེ་འདྲ་དྲན་འདུག་ ,theb chag khyod bsam bsam de 'dra dran 'dug _,https://d38pmlk0v88drf.cloudfront.net/wav16k/STT_TT00203_01026.950-01028.200.wav,STT_TT,3,37,1.25,wav16k/STT_TT00203_01026.950-01028.200.wav,ཕེབས་ཆ་ཁྱོད་བསམ་བསམ་དེ་འདྲ་དྲན་བསྡད་རྒྱོ
STT_TT00203_01028.650-01029.550,གཅིག་ཡོང་ཆོག་གི་འདུག་ཨ་ ,gcig yong chog gi 'dug a _,https://d38pmlk0v88drf.cloudfront.net/wav16k/STT_TT00203_01028.650-01029.550.wav,STT_TT,3,24,0.8999999999998636,wav16k/STT_TT00203_01028.650-01029.550.wav,ཅིག་ཡོང་ཆོག་གི་འདུག་ག
STT_TT00203_01029.900-01032.050,དེ་སོང་ཙང་ང་ཚོས་ཅིག་མ་བཤད་ན་ཁ་ཚར་ཞེ་བོ་ཡོད་རེད་ད།  ,de song tsang nga tshos cig ma bshad na kha tshar zhe bo yod red da/__,https://d38pmlk0v88drf.cloudfront.net/wav16k/STT_TT00203_01029.900-01032.050.wav,STT_TT,3,51,2.149999999999864,wav16k/STT_TT00203_01029.900-01032.050.wav,དེ་སོང་ཙང་། ང་ཚོས་ཅིག་མ་ཤེས་ན་ཁྱད་མཚར་ཞེ་བོ་ཅིག་ཡོད་རེད་ད།
STT_TT00203_00982.050-00984.150,མ་དགེ་རྒན་སྐུ་མདུན་ལ། མ་བཅར་བྱས། ཉན་དགོས་ཀི་ཡོད་རེད།  ,ma dge rgan sku mdun la/_ma bcar byas/_nyan dgos ki yod red/__,https://d38pmlk0v88drf.cloudfront.net/wav16k/STT_TT00203_00982.050-00984.150.wav,STT_TT,3,54,2.1000000000000227,wav16k/STT_TT00203_00982.050-00984.150.wav,མར་དགེ་རྒན་སྐུ་མདུན་ལ་མར་བཅར་བྱས། ཉན་དགོས་ཀི་ཡོད་རེད་བ།
STT_TT00203_00984.550-00986.750,འོ་རྒན་ལགས་དེ་འདྲ་གསུངས་སོང་ང་། ཕ་འདྲས་གསུངས་སོང་ང་། ཨེ་འདྲ་གསུངས་སོང་ང་།  ,'o rgan lags de 'dra gsungs song nga /_pha 'dras gsungs song nga /_e 'dra gsungs song nga /__,https://d38pmlk0v88drf.cloudfront.net/wav16k/STT_TT00203_00984.550-00986.750.wav,STT_TT,3,75,2.200000000000045,wav16k/STT_TT00203_00984.550-00986.750.wav,འོ་རྒན་ལགས་དེ་འདྲ་གསུངས་སོང་ང་། ཕ་འདྲ་གསུངས་སོང་ང་། ཨེ་འདྲ་གསུངས་སོང་།
STT_TT00203_00987.050-00987.850,དེ་འདྲ་ཅིག ང་ཚོས།  ,de 'dra cig_nga tshos/__,https://d38pmlk0v88drf.cloudfront.net/wav16k/STT_TT00203_00987.050-00987.850.wav,STT_TT,3,19,0.8000000000000682,wav16k/STT_TT00203_00987.050-00987.850.wav,དེ་འདྲ་ཅིག་ང་ཚོས་ཤི།
STT_TT00203_01032.450-01036.200,དེ་སོང་ཙང་ང་ཚོ་འདི་སྤྱོད་འཇུག་ཆེན་མོའི་ཁྲིད་ཞུ་གི་ཡིན་བྱས་ནས། ལབ་སྟངས་རྒྱུ་མཚན་དེ་ཨོ་ད་དེ་རེད་ཤ ,de song tsang nga tsho 'di spyod 'jug chen mo'i khrid zhu gi yin byas nas/_lab stangs rgyu mtshan de o da de red sha_,https://d38pmlk0v88drf.cloudfront.net/wav16k/STT_TT00203_01032.450-01036.200.wav,STT_TT,3,96,3.75,wav16k/STT_TT00203_01032.450-01036.200.wav,དེ་སོང་ཙང་། ད་དེ་རིང་ང་ཚོས་འདི་སྤྱོད་འཇུག་ཆེན་མོའི་ཁྲིད་ཞུ་གི་ཡིན་བྱས་ནས། ལབ་སྟངས་རྒྱུ་མཚན་འདི། འོ་ད་འདི་ཆགས།
STT_TT00203_00988.750-00991.900,དེ་མ་ཤེས་པ་ཡིན་ན། ང་ཚོས་ག་འདྲ་བྱེད་དགོས་ཡོད་མེད་ཁོ་རང་། རྩ་བ་ཉིད་ནས། མགོ་ཚོས་ཀི་མི་འདུག་གཱ ,de ma shes pa yin na/_nga tshos ga 'dra byed dgos yod med kho rang /_rtsa ba nyid nas/_mgo tshos ki mi 'dug gA_,https://d38pmlk0v88drf.cloudfront.net/wav16k/STT_TT00203_00988.750-00991.900.wav,STT_TT,3,91,3.1499999999999773,wav16k/STT_TT00203_00988.750-00991.900.wav,དེ་མ་ཤེས་པ་ཡིན་ན། ང་ཚོས་ག་འདྲ་བྱེད་དགོས་ཡོད་མེད་ཁོ་རང་རྩ་བ་ཉིད་ནས། མགོ་ཚོས་ཀི་མི་འདུག་གཱ
STT_TT00203_00992.200-00994.350,ཁ་སང་ཁེ་ཉིན། ང་ཚོ་ཉི་མ་གསུམ་འདྲ་ཞིག སྐྱབས་འགྲོའི་སྐོར་ཞུས་པ་རེད།  ,kha sang khe nyin/_nga tsho nyi ma gsum 'dra zhig_skyabs 'gro'i skor zhus pa red/__,https://d38pmlk0v88drf.cloudfront.net/wav16k/STT_TT00203_00992.200-00994.350.wav,STT_TT,3,66,2.1499999999999773,wav16k/STT_TT00203_00992.200-00994.350.wav,ཁ་སང་ཁེ་ཉིན་ང་ཚོ་ཉི་མ་གསུམ་ར་ཅིག་སྐྱབས་འགྲོའི་སྐོར་ཞུས་པ་རེད།
STT_TT00203_01037.000-01038.150,ཡིན་ཅིག་མིན་ཅིག་གི་སྤྱོད་འཇུག་ཁྲིད་ནས་ ,yin cig min cig gi spyod 'jug khrid nas _,https://d38pmlk0v88drf.cloudfront.net/wav16k/STT_TT00203_01037.000-01038.150.wav,STT_TT,3,39,1.150000000000091,wav16k/STT_TT00203_01037.000-01038.150.wav,ཡིན་གཅིག་མིན་གཅིག་གི་སྤྱོད་འཇུག་ཕྲ་མོའ།
STT_TT00203_01039.300-01040.750,བྱང་ཆུབ་སེམས་ཀི་མཉམ་ལེན་བྱེད་སྟེངས་དཔེ་གཙང་མ་ཅིག་ཤེས་ ,byang chub sems ki mnyam len byed stengs dpe gtsang ma cig shes _,https://d38pmlk0v88drf.cloudfront.net/wav16k/STT_TT00203_01039.300-01040.750.wav,STT_TT,3,54,1.4500000000000457,wav16k/STT_TT00203_01039.300-01040.750.wav,བྱང་ཆུབ་སེམས་ཀི་ཉམས་ལེན་བྱེད་སྟངས་སྤུས་གཙང་མ་ཅིག
STT_TT00203_01040.950-01041.600,བྱེད་ཀི་ཡིན་ཟེར་ ,byed ki yin zer _,https://d38pmlk0v88drf.cloudfront.net/wav16k/STT_TT00203_01040.950-01041.600.wav,STT_TT,3,17,0.6499999999998636,wav16k/STT_TT00203_01040.950-01041.600.wav,བྱེད་ཀི་ཡིན་།
STT_TT00203_00994.850-01001.100,ཨེ་ནས། ཁ་སིང་ང་ཚོ། སྐྱབས་འགྲོའི་སྐོར་མ་ཞུས་པའི་སྔ་རོལ་ལ་ཡ། ཁྱོད་རང་རྣམ་པའི་གང་གའི་བསམ་བློའི་ནང་ལ། ཕལ་ཆེར་ཡོད་ཀི་རེད་བསམ་གི་འདུག ངས་བལྟས་དུས། ང་རང་ཡ་བསམ་བློ་ནང་ལའང་དེ་འདྲ་ཞིག་རེད།  ,e nas/_kha sing nga tsho/_skyabs 'gro'i skor ma zhus pa'i snga rol la ya/_khyod rang rnam pa'i gang ga'i bsam blo'i nang la/_phal cher yod ki red bsam gi 'dug_ngas bltas dus/_nga rang ya bsam blo nang la'ang de 'dra zhig red/__,https://d38pmlk0v88drf.cloudfront.net/wav16k/STT_TT00203_00994.850-01001.100.wav,STT_TT,3,180,6.25,wav16k/STT_TT00203_00994.850-01001.100.wav,ཨེ་ནས།ཁ་སང་ང་ཚོ་སྐྱབས་འགྲོ་སྐོར།་མ་ཞུས་པའི་སྔ་རོལ་ལ་ཡ། ཁྱེད་རང་རྣམ་པ་གང་གའི་བསམ་བློ་ནང་ལ། ཕལ་ཆེར་ཡོད་རྒྱུ་རེད་བསམ་གི་འདུག ངས་ལྟས་ན། ང་རངི་བསམ་བློ་ནང་ལ་་ དེ་འདྲ་ཞིག་རེད།
STT_TT00203_01042.800-01046.000,ད་འདི་སྤྱོད་འཇུག་ནང་ན་བཤད་བསྡད་ཡ་དེ་ང་ཚོ་གཞན་པ་ག་གེ་ཅིག་ལབ་ཀི་ཡོད་མ་རེད་ད་ ,da 'di spyod 'jug nang na bshad bsdad ya de nga tsho gzhan pa ga ge cig lab ki yod ma red da _,https://d38pmlk0v88drf.cloudfront.net/wav16k/STT_TT00203_01042.800-01046.000.wav,STT_TT,3,75,3.200000000000045,wav16k/STT_TT00203_01042.800-01046.000.wav,ད་འདི་སྤྱོད་འཇུག་ནང་ལ་བཤད་སྡོད་ཡ་འདི། ང་ཚོ་གཞན་པ་ག་གེ་ཅིག་བསླབ་ཀི་ཡོད་མ་རེད་ད།
STT_TT00203_01001.350-01004.300,ང་སྐྱབས་འགྲོ་འགའ་རེ་ཞིག་ཡོད་དཱ། ང་ནང་པ་སངས་རྒྱས་པ་ཚད་ལྡན་ཡིན་དཱ།  ,nga skyabs 'gro 'ga' re zhig yod dA/_nga nang pa sangs rgyas pa tshad ldan yin dA/__,https://d38pmlk0v88drf.cloudfront.net/wav16k/STT_TT00203_01001.350-01004.300.wav,STT_TT,3,66,2.949999999999932,wav16k/STT_TT00203_01001.350-01004.300.wav,ང་སྐྱབས་འགྲོ་དགའ་རོ་ཞིག་ཡོད་ད། ང་ནང་པ་སངས་རྒྱས་པའི་ཚད་ལྡན་ཡིན་དཱ།
STT_TT00203_01004.900-01006.600,ང་འགའ་ཆེན་ཤེས་ཀི་ཡོད་དཱ། བསམ་བསམ་ཞིག་ཡོད་རྒྱུ་རེད།  ,nga 'ga' chen shes ki yod dA/_bsam bsam zhig yod rgyu red/__,https://d38pmlk0v88drf.cloudfront.net/wav16k/STT_TT00203_01004.900-01006.600.wav,STT_TT,3,52,1.7000000000000457,wav16k/STT_TT00203_01004.900-01006.600.wav,ང་དགའ་ཅེན་ཤེས་ཀི་ཡོད་དཱ་བསམ་བསམ་ཞིག་ཡོད་རྒྱུ་རེད།
STT_TT00203_01007.200-01009.800,ད་ཡིན་ནས། དེ་ནས་མ། ང་ཚོ་ཞུས་དག་དཱ་གསུང་ནས། མ་ཅིག་བཏང་བྱས།  ,da yin nas/_de nas ma/_nga tsho zhus dag dA gsung nas/_ma cig btang byas/__,https://d38pmlk0v88drf.cloudfront.net/wav16k/STT_TT00203_01007.200-01009.800.wav,STT_TT,3,59,2.599999999999909,wav16k/STT_TT00203_01007.200-01009.800.wav,ད་ཡིན་ནས། དེ་ནས་མར། ང་ཚོས་ཞུ་དག་ད་མ་སོང་ན། མ་ཅིག་བཏང་བྱས།
STT_TT00203_01046.650-01050.400,གྲུང་ཆོག་རྒྱུག་སྟངས་ག་འདྲ་རེད། ཅིག་ལྷ་གསོ་སྟངས་ག་འདྲ་རེད། ཀླུ་གསོ་སྟངས་ག་འདྲ་རེད།  ,grung chog rgyug stangs ga 'dra red/_cig lha gso stangs ga 'dra red/_klu gso stangs ga 'dra red/__,https://d38pmlk0v88drf.cloudfront.net/wav16k/STT_TT00203_01046.650-01050.400.wav,STT_TT,3,83,3.75,wav16k/STT_TT00203_01046.650-01050.400.wav,གྲོང་ཆོག་རྒྱུག་སྟངས་ག་འདྲའ་རེད། ཅིག་ལྷ་གསོད་སྟངས་ག་འདྲའ་རེད། ཀླུ་གསོད་སྟངས་ག་འདྲའི་རེད།
STT_TT00203_01010.050-01011.350,ཆོས་ཀི་ཁུ་ལུ་རི་མོ་ཟེར་ཡ་འདི།  ,chos ki khu lu ri mo zer ya 'di/__,https://d38pmlk0v88drf.cloudfront.net/wav16k/STT_TT00203_01010.050-01011.350.wav,STT_TT,3,31,1.3000000000000682,wav16k/STT_TT00203_01010.050-01011.350.wav,ཆོས་ཀི་ཁུ་ལུ་རིང་མོ་ཟེར་ཡ་གི
STT_TT00203_01075.450-01076.550,ལེའུ་དང་པོ་བྱས་ནས། ང་ཚོ།  ,le'u dang po byas nas/_nga tsho/__,https://d38pmlk0v88drf.cloudfront.net/wav16k/STT_TT00203_01075.450-01076.550.wav,STT_TT,3,26,1.099999999999909,wav16k/STT_TT00203_01075.450-01076.550.wav,ལེའུ་དང་པོ་བྱས་ནས། ང་ཚོ།
STT_TT00203_01076.750-01078.000,ལེའུ་དང་པོའི་མིང་ཁོ་རང་འདུག་སེ་བཏགས།  ,le'u dang po'i ming kho rang 'dug se btags/__,https://d38pmlk0v88drf.cloudfront.net/wav16k/STT_TT00203_01076.750-01078.000.wav,STT_TT,3,38,1.25,wav16k/STT_TT00203_01076.750-01078.000.wav,ལེའུ་དང་པོའི་མིང་ཁོ་རང་འདུག་སེ་བཏགས།
STT_TT00203_01078.650-01087.650,ད་བྱང་ཆུབ་སེམས་ཀི་ཕན་ཡོན་ཟེར་དུས། ག་རེ་ཟེར་ན། དཔེ་འདྲ་མཚོན་ན། ང་ཚོ་ཕ་གེ་ཅིག་སྒྲིག་ཐུབ་པ་དགོས་རེད་དཱ། གོང་འོག་འདི་གས། ལེའུ་དང་པོའི་ནང་ལ་འདི་འདུག གཉིས་པའི་ནང་ལ་འདི་འདུག གསུམ་པའི་ནང་ལ་འདི་འདུག ཉམས་ལེན་ནས། ཚུར་སྦྱར་ཡོང་དུས་འདུག་གཱ འདུག་སེ་སྦྱར་དགོས་རེད་ཟེར་ཡ་ཅིག དེ་འདྲ་ཞིག་དགོས་ཀི་ཡོད་རེད།  ,da byang chub sems ki phan yon zer dus/_ga re zer na/_dpe 'dra mtshon na/_nga tsho pha ge cig sgrig thub pa dgos red dA/_gong 'og 'di gas/_le'u dang po'i nang la 'di 'dug_gnyis pa'i nang la 'di 'dug_gsum pa'i nang la 'di 'dug_nyams len nas/_tshur sbyar yong dus 'dug gA_'dug se sbyar dgos red zer ya cig_de 'dra zhig dgos ki yod red/__,https://d38pmlk0v88drf.cloudfront.net/wav16k/STT_TT00203_01078.650-01087.650.wav,STT_TT,3,288,9.0,wav16k/STT_TT00203_01078.650-01087.650.wav,ད་བྱང་ཆུབ་སེམས་ཀི་ཕན་ཡོན་ཟེར་དུས། ག་རེ་ཟེར་ན། དཔེ་་ིག ང་ཚོ་འདི་གས་ཅིག་སྒྲིག་ཐུབ་པ་དགོས་རེད་ད། གོང་འོག་འདི་གས། ལེའུ་དང་པོ་ནང་ལ་འདི་འདུག གཉིས་པའི་ནང་ལ་འདི་འདུག གསུམ་པའི་ནང་ལ་འདི་འདུག ཉམས་ལེན་ལ་ཚུར་སྦྱར་ཡོང་དུས་དེ་བ། འདུག་སེ་བཞག་དགོས་རེད་ཟེར་ཡ་ཞིག དེ་འདྲ་ཞིག་དགོས་ཀི་ཡོད་རེད།
STT_TT00203_01087.950-01091.650,གཞན་ང་ཚོ། དང་པོའི་ནང་ལ་འདི་འདུག གཉིས་པའི་ནང་ལ་འདི་འདུག ཟེར་གི་བསྡད་ན། མིའི་ཚོང་ཁང་ནང་ལ་ཕྱིན་བྱས།  ,gzhan nga tsho/_dang po'i nang la 'di 'dug_gnyis pa'i nang la 'di 'dug_zer gi bsdad na/_mi'i tshong khang nang la phyin byas/__,https://d38pmlk0v88drf.cloudfront.net/wav16k/STT_TT00203_01087.950-01091.650.wav,STT_TT,3,98,3.7000000000000455,wav16k/STT_TT00203_01087.950-01091.650.wav,གཞན་ང་ཚོ་དང་པོ་ནང་ལ་འདི་འདུག གཉིས་པའི་ནང་ལ་འདི་འདུག་ཟེར་གི་བསྡད་ན། མིའི་ཚོང་ཁང་ནང་ལ་ཕྱིན་བྱས།
STT_TT00203_01091.950-01094.850,ཅ་ལག་གྲངས་ཀ་བརྒྱབ་པས་ཟོལ་འདྲ་ཞིག་རེད་མ་གཏོགས། ཁྱོད་རང་ལ་ཕིང་གཅིག་གེ འདི་ནང་དག ,ca lag grangs ka brgyab pas zol 'dra zhig red ma gtogs/_khyod rang la phing gcig ge_'di nang dag_,https://d38pmlk0v88drf.cloudfront.net/wav16k/STT_TT00203_01091.950-01094.850.wav,STT_TT,3,78,2.899999999999864,wav16k/STT_TT00203_01091.950-01094.850.wav,ཅ་ལག་གྲངས་ཀ་བརྒྱབ་པའི་ཟོལ་ཞིག་རེད་མ་གཏོགས། ཁྱེད་རང་ལ་ཕིང་གཅིག་ཡེ། དི་ནང་ད
STT_TT00203_01095.600-01096.400,གྲངས་ཀ་ཐིག་ཀི་ཡོད་རེད།  ,grangs ka thig ki yod red/__,https://d38pmlk0v88drf.cloudfront.net/wav16k/STT_TT00203_01095.600-01096.400.wav,STT_TT,3,24,0.8000000000001819,wav16k/STT_TT00203_01095.600-01096.400.wav,གྲངས་ཀ་ཐིག་ཀི་ཡོད་རེད།
STT_TT00203_01096.850-01097.950,འདི་རེད་མ་གཏོགས། ག་གེ་ཕན་ཐོགས་ཡོད་མ་རེད།  ,'di red ma gtogs/_ga ge phan thogs yod ma red/__,https://d38pmlk0v88drf.cloudfront.net/wav16k/STT_TT00203_01096.850-01097.950.wav,STT_TT,3,42,1.1000000000001364,wav16k/STT_TT00203_01096.850-01097.950.wav,འདི་རེད་མ་གཏོགས། ག་གེ་ཕན་ཐོགས་ཡོད་མ།
STT_TT00203_01098.400-01099.750,ད་ང་ཚོས་བྱང་ཆུབ་ཀི་སེམས་ལ་ཡ།  ,da nga tshos byang chub ki sems la ya/__,https://d38pmlk0v88drf.cloudfront.net/wav16k/STT_TT00203_01098.400-01099.750.wav,STT_TT,3,30,1.349999999999909,wav16k/STT_TT00203_01098.400-01099.750.wav,ད་ང་ཚོ་བྱང་ཆུབ་ཀི་སེམས་ལ་ཡ།
STT_TT00203_01100.100-01101.450,སྤྲོ་ཤུགས་སླེབ་ཡ་གི་ཐབས་ཤེས་ལ་ཡ།  ,spro shugs sleb ya gi thabs shes la ya/__,https://d38pmlk0v88drf.cloudfront.net/wav16k/STT_TT00203_01100.100-01101.450.wav,STT_TT,3,34,1.3500000000001364,wav16k/STT_TT00203_01100.100-01101.450.wav,སྤྲོ་ཤུགས་སལེབ་ཡ་གི་ཐབས་ཤེས་ལ་ཡ།
STT_TT00203_01101.700-01103.450,ཨ་ལས། ཨང་དང་པོ་ལ་ཡ། ལེའུ་དང་པོ་ནང་། བྱང་ཆུབ་སེམས་དཔའི།  ,a las/_ang dang po la ya/_le'u dang po nang /_byang chub sems dpa'i/__,https://d38pmlk0v88drf.cloudfront.net/wav16k/STT_TT00203_01101.700-01103.450.wav,STT_TT,3,56,1.75,wav16k/STT_TT00203_01101.700-01103.450.wav,ཨ་ལེ་ ཨང་དང་པོ་ལ་ཡ། ལེའུ་དང་པོ་ནང་བྱང་ཆུབ་སེམས་དཀི།
STT_TT00203_01050.600-01052.750,སྨན་བཟོ་སྟངས་ག་འདྲ་རེད་དེ་རྩ་བ་ཉིད་ནས་ལབ་རྒྱུ་ཡོད་མ་རེད་ ,sman bzo stangs ga 'dra red de rtsa ba nyid nas lab rgyu yod ma red _,https://d38pmlk0v88drf.cloudfront.net/wav16k/STT_TT00203_01050.600-01052.750.wav,STT_TT,3,57,2.150000000000091,wav16k/STT_TT00203_01050.600-01052.750.wav,སྟན་གསོད་སྟངས་ག་འདྲ་རེད། འདི་རྩ་བ་ཉིད་ནས་སླབ་བྡུད་ཡོད་མ་རེད།
STT_TT00203_01053.050-01055.950,སྤྱོད་འཇུག་ནང་ན་བཤད་བསྡད་ཡ་གི བྱང་ཆུབ་སེམས་ཀི་མཉམ་ལེན་བྱེད་སྟངས་ག་འདྲ་ག་འདྲ་རེད་ ,spyod 'jug nang na bshad bsdad ya gi_byang chub sems ki mnyam len byed stangs ga 'dra ga 'dra red _,https://d38pmlk0v88drf.cloudfront.net/wav16k/STT_TT00203_01053.050-01055.950.wav,STT_TT,3,81,2.900000000000091,wav16k/STT_TT00203_01053.050-01055.950.wav,སྤྱོད་འཇུག་ནང་ལ་བཤད་བསྡད་ཡ་འདི། བྱང་ཆུབ་སེམས་ཀི་ཉམས་ལེན་བྱེད་སྟངས་གང་འདྲ་ག་འདྲ་རེད།
STT_TT00203_01056.650-01058.450,ད་སེམས་བཟང་པོ་ཆག་སྟངས་ཆག་ལུགས་ཀི་ ,da sems bzang po chag stangs chag lugs ki _,https://d38pmlk0v88drf.cloudfront.net/wav16k/STT_TT00203_01056.650-01058.450.wav,STT_TT,3,34,1.7999999999999543,wav16k/STT_TT00203_01056.650-01058.450.wav,ད་སེམས་བཟང་པོ་ཆགས་སྟངས་ཆགས་ལུགས་ཀི་
STT_TT00203_01059.500-01060.200,ག་འདྲ་བྱས་སེམས་བཟང་ ,ga 'dra byas sems bzang _,https://d38pmlk0v88drf.cloudfront.net/wav16k/STT_TT00203_01059.500-01060.200.wav,STT_TT,3,20,0.7000000000000455,wav16k/STT_TT00203_01059.500-01060.200.wav,ག་འདྲས་བྱས་སེམས་བཟང་།
STT_TT00203_01061.050-01062.400,ག་འདྲ་ཅིག་ལ་སེམས་བཟང་པོ་ཟེར་གི་རེད་ ,ga 'dra cig la sems bzang po zer gi red _,https://d38pmlk0v88drf.cloudfront.net/wav16k/STT_TT00203_01061.050-01062.400.wav,STT_TT,3,36,1.3500000000001364,wav16k/STT_TT00203_01061.050-01062.400.wav,ག་འདྲ་ཅིག་ལ་སེམས་བཟང་པོ་ཟེར་གི་རེད།
STT_TT00203_01062.800-01066.000,སེམས་བཟང་པོ་ག་འདྲ་ཟིག་མགོ་བཙིགས་དགོས་རེད་ག་འདྲ་ཅིག་བྱེད་དགོས་རེད། ཨོ་ད་འདི་མར་ལབ་དུས་ ,sems bzang po ga 'dra zig mgo btsigs dgos red ga 'dra cig byed dgos red/_o da 'di mar lab dus _,https://d38pmlk0v88drf.cloudfront.net/wav16k/STT_TT00203_01062.800-01066.000.wav,STT_TT,3,86,3.200000000000045,wav16k/STT_TT00203_01062.800-01066.000.wav,སེམས་བཟང་པོ་ག་འདྲ་སེ་འགོ་བཙུགས་དགོས་རེད། ག་འདྲ་བྱེད་དགོས་རེད། འོ་ད་འདི་མར་ལབ་།
STT_TT00203_01066.500-01068.000,ད་ང་ཚོས་ད་ཉེན་གཞིའི་ཞེ་དྲ་ཞུས་ཡིན་པ་ ,da nga tshos da nyen gzhi'i zhe dra zhus yin pa _,https://d38pmlk0v88drf.cloudfront.net/wav16k/STT_TT00203_01066.500-01068.000.wav,STT_TT,3,37,1.5,wav16k/STT_TT00203_01066.500-01068.000.wav,ད་ང་ཚོ་ད་ཉིན་ཞེ་ཉིན་ཞེ་དྲག་ཞུས་ཡིན་པ།
STT_TT00203_01068.500-01071.250,ལེའུ་བཞི་བ་ནས་མར་མགོ་བཙུགས་དེ་བ་ལ་ལེའུ་དང་པོ་དེའི་ནང་ལ་ཡ་ ,le'u bzhi ba nas mar mgo btsugs de ba la le'u dang po de'i nang la ya _,https://d38pmlk0v88drf.cloudfront.net/wav16k/STT_TT00203_01068.500-01071.250.wav,STT_TT,3,58,2.75,wav16k/STT_TT00203_01068.500-01071.250.wav,་ྲ་བཞི་བ་ལ་ མ་འགོ་བཙུགས་ཡོང་དུས་དེ་བ། ལེའུ་དང་པོ་འདེི་ནང་ལ་ཡ།
STT_TT00203_01071.500-01072.750,བྱང་ཆུབ་སེམས་ཀི་ཕན་ཡོན་དེ་གསུངས་སོ་ངོ་།  ,byang chub sems ki phan yon de gsungs so ngo /__,https://d38pmlk0v88drf.cloudfront.net/wav16k/STT_TT00203_01071.500-01072.750.wav,STT_TT,3,41,1.25,wav16k/STT_TT00203_01071.500-01072.750.wav,བྱང་ཆུབ་སེམས་ཀི་ཕན་ཡོན་འདི་གསུངས་སོང་ང་།
STT_TT00203_01103.800-01104.350,ཕན་ཡོན་འདི་གསུངས།  ,phan yon 'di gsungs/__,https://d38pmlk0v88drf.cloudfront.net/wav16k/STT_TT00203_01103.800-01104.350.wav,STT_TT,3,19,0.5499999999999545,wav16k/STT_TT00203_01103.800-01104.350.wav,ཕན་ཡོན་དི་གསུངས།
STT_TT00203_01105.300-01107.250,འོ་བྱང་ཆུབ་ཀི་སེམས་ཟེར་ཡ་ཞིག ཡིན་གཅིག་མིན་གཅིག་སྒོམ་དགོས་རེད་ཟེར།  ,'o byang chub ki sems zer ya zhig_yin gcig min gcig sgom dgos red zer/__,https://d38pmlk0v88drf.cloudfront.net/wav16k/STT_TT00203_01105.300-01107.250.wav,STT_TT,3,67,1.9500000000000453,wav16k/STT_TT00203_01105.300-01107.250.wav,ཨོ་བྱང་ཆུབ་ཀི་སེམས་ཟེར་ཡ་ཞིག་ཡིན་གཅིག་མིན་གཅིག་སྒོམ་དགོས་རེདཟེ།
STT_TT00203_01107.900-01110.650,ཨེ་ནས། བྱང་ཆུབ་ཀི་སེམས་ཟེར་ཡ་འདི། སྒོམ་པ་ཡིན་ན། ཕན་ཡོན་ཞེ་བོ་ཞིག་ཡོང་གི་རེད་ཟེར།  ,e nas/_byang chub ki sems zer ya 'di/_sgom pa yin na/_phan yon zhe bo zhig yong gi red zer/__,https://d38pmlk0v88drf.cloudfront.net/wav16k/STT_TT00203_01107.900-01110.650.wav,STT_TT,3,82,2.75,wav16k/STT_TT00203_01107.900-01110.650.wav,ཨེ་ནས། བྱང་ཆུབ་ཀི་སེམས་ཟེར་ཡ་འདི། སྒོམ་པ་ཡིན་ན། ཕན་ཡོན་ཞེ་བོ་ཞིག་ཡོང་གི་རེད་ཟེ།
STT_TT00203_01073.300-01075.050,བྱང་ཆུབ་སེམས་ཀི་ཕན་ཡོན་སྟོན་པའི་ལེའུ་ཞེས་ ,byang chub sems ki phan yon ston pa'i le'u zhes _,https://d38pmlk0v88drf.cloudfront.net/wav16k/STT_TT00203_01073.300-01075.050.wav,STT_TT,3,42,1.75,wav16k/STT_TT00203_01073.300-01075.050.wav,བྱང་ཆུབ་སེམས་ཀི་ཕན་ཡོན་ཅིག་བསྟན་པའི་ལེའུ་ྱིག
STT_TT00203_01110.950-01112.000,ཕན་ཐོགས་ཞེ་བོ་ཞིག་ཡོད་རེད་བྱས།  ,phan thogs zhe bo zhig yod red byas/__,https://d38pmlk0v88drf.cloudfront.net/wav16k/STT_TT00203_01110.950-01112.000.wav,STT_TT,3,32,1.0499999999999543,wav16k/STT_TT00203_01110.950-01112.000.wav,ཕན་ཐོགས་ཞེ་བོ་ཞིག་ཡོད་རེད་བྱས།
STT_TT00203_01112.350-01113.350,དེ་འདྲ་གི་ཐབས་ཤེས་ལ་ཡ།  ,de 'dra gi thabs shes la ya/__,https://d38pmlk0v88drf.cloudfront.net/wav16k/STT_TT00203_01112.350-01113.350.wav,STT_TT,3,24,1.0,wav16k/STT_TT00203_01112.350-01113.350.wav,དེ་འདྲ་གི་ཐབས་ཤེས་ལ་ཡ།
STT_TT00203_01113.800-01115.750,ལེའུ་དང་པོ་ནང་ལ་ཡ། བྱང་ཆུབ་སེམས་ཀི་ཕན་ཡོན་བཤད།  ,le'u dang po nang la ya/_byang chub sems ki phan yon bshad/__,https://d38pmlk0v88drf.cloudfront.net/wav16k/STT_TT00203_01113.800-01115.750.wav,STT_TT,3,48,1.9500000000000453,wav16k/STT_TT00203_01113.800-01115.750.wav,ལེའུ་དང་པོའི་ནང་ལ་ཡ། བྱང་ཆུབ་སེམས་ཀི་ཕན་ཡོན་བྱས།
STT_TT00203_01116.300-01117.200,དགོས་པ་རྒྱུ་མཚན་ཅིག་བཤད།  ,dgos pa rgyu mtshan cig bshad/__,https://d38pmlk0v88drf.cloudfront.net/wav16k/STT_TT00203_01116.300-01117.200.wav,STT_TT,3,26,0.900000000000091,wav16k/STT_TT00203_01116.300-01117.200.wav,དགོས་པ་རྒྱུ་མཚན་འདི་བཤད།
STT_TT00203_01124.600-01125.750,བྱང་ཆུབ་སེམས་ཀི་དགོས་ཆོས་དེ་གེ་ ,byang chub sems ki dgos chos de ge _,https://d38pmlk0v88drf.cloudfront.net/wav16k/STT_TT00203_01124.600-01125.750.wav,STT_TT,3,32,1.150000000000091,wav16k/STT_TT00203_01124.600-01125.750.wav,བྱང་ཆུབ་སེམས་ཀི་རྒོད་སྤྱོད་འདི་གས
STT_TT00203_01117.700-01120.350,དཔེར་ན། ང་ཚོ་བུ་གུ་སློབ་གྲྭ་བཏང་པ་ཡིན་ན། དགོས་པ་རྒྱུ་མཚན་འདི་དཱ་འདི་ཡོད་རེད།  ,dper na/_nga tsho bu gu slob grwa btang pa yin na/_dgos pa rgyu mtshan 'di dA 'di yod red/__,https://d38pmlk0v88drf.cloudfront.net/wav16k/STT_TT00203_01117.700-01120.350.wav,STT_TT,3,78,2.649999999999864,wav16k/STT_TT00203_01117.700-01120.350.wav,དཔེར་ན་ང་ཚོ་པུ་གུ་སློབ་གྲྭ་བཏང་པ་ཡིན་ན། དགོས་པ་རྒྱུ་མཚན་འདི་དང་འདི་ཡོད་རེད།
STT_TT00203_01120.600-01123.100,ཕན་ཡོན་འདི་དཱ་འདི་ཡོད་རེད་བྱས་ནས། འོ་དེ་འདྲ་གི་བྱས་ཡ་གི་ཐབས་ཤེས་ལ་ཡ།  ,phan yon 'di dA 'di yod red byas nas/_'o de 'dra gi byas ya gi thabs shes la ya/__,https://d38pmlk0v88drf.cloudfront.net/wav16k/STT_TT00203_01120.600-01123.100.wav,STT_TT,3,70,2.5,wav16k/STT_TT00203_01120.600-01123.100.wav,ཕན་ཡོན་འདི་དང་འདི་ཡོད་རེད་བྱས་ནས། འོ་དེ་འདྲ་གི་ཟེར་ཡ་གི་ཐབས་ཤེས་ལ་ཡ།
STT_TT00203_01123.400-01124.200,ལེའུ་དང་པོ་ནང་ལ་ཡ།  ,le'u dang po nang la ya/__,https://d38pmlk0v88drf.cloudfront.net/wav16k/STT_TT00203_01123.400-01124.200.wav,STT_TT,3,20,0.7999999999999545,wav16k/STT_TT00203_01123.400-01124.200.wav,ལེའུ་དང་པོའི་ནང་ལ་ཡ།
STT_TT00203_01127.000-01129.100,དེ་ནས་བྱང་ཆུབ་སེམས་ཚུར་རྒྱུད་ལ་བསྐྱེད་པར་བྱས་པ་ལ་ཡ ,de nas byang chub sems tshur rgyud la bskyed par byas pa la ya_,https://d38pmlk0v88drf.cloudfront.net/wav16k/STT_TT00203_01127.000-01129.100.wav,STT_TT,3,51,2.099999999999909,wav16k/STT_TT00203_01127.000-01129.100.wav,དེ་ནས་བྱང་ཆུབ་ཀི་སེམས་ཚུར་རྒྱུད་ལ་སྐྱེད་པར་བྱེད་པ་ལ་ཡ།
STT_TT00203_01129.500-01130.950,ཨ་ལེ་སྔོན་ལ་མཐུན་རྐྱེན་ཚང་དགོས་རེད། ཕྱོགས་གཅིག་ནས།  ,a le sngon la mthun rkyen tshang dgos red/_phyogs gcig nas/__,https://d38pmlk0v88drf.cloudfront.net/wav16k/STT_TT00203_01129.500-01130.950.wav,STT_TT,3,52,1.4500000000000457,wav16k/STT_TT00203_01129.500-01130.950.wav,ཨ་ལེ་སྔོན་ལ་མཐུན་རྐྱེན་ཚང་དགོས་རེད། ཕྱོགས་གཅིག་ནས།
STT_TT00203_01131.450-01132.550,ཕྱོགས་ནས་འགལ་རྐྱེན་སེལ་དགོས་ཀི་ཡོད་རེད་ ,phyogs nas 'gal rkyen sel dgos ki yod red _,https://d38pmlk0v88drf.cloudfront.net/wav16k/STT_TT00203_01131.450-01132.550.wav,STT_TT,3,40,1.099999999999909,wav16k/STT_TT00203_01131.450-01132.550.wav,ཕྱོགས་གཅིག་ནས་འགལ་རྐྱེན་སེལ་དགོས་ཀི
STT_TT00203_01155.700-01158.000,ཨ་ལེ། སྔོན་ལ་ས་ཡག་པོ་ཞིག་དགོས་ཀི་ཡོད་རེད། འདི་ནང་ལ་རྡོ་དཱ།  ,a le/_sngon la sa yag po zhig dgos ki yod red/_'di nang la rdo dA/__,https://d38pmlk0v88drf.cloudfront.net/wav16k/STT_TT00203_01155.700-01158.000.wav,STT_TT,3,60,2.2999999999999545,wav16k/STT_TT00203_01155.700-01158.000.wav,ཨ་ལེ་སྔོན་ལ་ས་ཡག་པོ་ཞིག་དགོས་ཀི་ཡོད་རེད། འདིི་ནང་གི་རྡོ་དང་།
STT_TT00203_01158.250-01161.400,འདི་ནང་ལ་རྩྭ་སྐྱེ་ཡ་རིགས་ཀི་ཟོལ་དཱ། དེ་འདྲ། འདྲ་མ་འདྲ་འདུག་ན། འདི་གས་ཕ་སེལ་དགོས་ཀི་ཡོད་རེད་བ།  ,'di nang la rtswa skye ya rigs ki zol dA/_de 'dra/_'dra ma 'dra 'dug na/_'di gas pha sel dgos ki yod red ba/__,https://d38pmlk0v88drf.cloudfront.net/wav16k/STT_TT00203_01158.250-01161.400.wav,STT_TT,3,95,3.150000000000091,wav16k/STT_TT00203_01158.250-01161.400.wav,འདིི་ནང་ལ་རྩྭ་སྐྱེ་ཡ་གི་རིགས་ི་ཟོལ་དང། དེ་འདྲ་འདྲ་མ་འདྲ་འདུག་ན། འདི་གས་ཕར་སེལ་དགོས་ཀི་ཡོད་རེད་བ།
STT_TT00203_01161.950-01163.550,ཕ་སེལ་འགྲོ་ཟེར་དུས་དེ་བ། ཕ་མེད་པ་བཟོས་པའི་དོན་དག་རེད།  ,pha sel 'gro zer dus de ba/_pha med pa bzos pa'i don dag red/__,https://d38pmlk0v88drf.cloudfront.net/wav16k/STT_TT00203_01161.950-01163.550.wav,STT_TT,3,55,1.599999999999909,wav16k/STT_TT00203_01161.950-01163.550.wav,ཕ་སེ་ཟེར་དུས་དེ་བ། ཕར་མེད་པེ་བཟོ་པའི་དོན་དག
STT_TT00203_01164.150-01166.800,ད་དེ་ལ་མཐུན་རྐྱེན་ཚང་པ་དཱ། འགལ་རྐྱེན་སེལ་བ་བྱས་ནས། གཉིས་ཡོད་པའི་ནང་ནས།  ,da de la mthun rkyen tshang pa dA/_'gal rkyen sel ba byas nas/_gnyis yod pa'i nang nas/__,https://d38pmlk0v88drf.cloudfront.net/wav16k/STT_TT00203_01164.150-01166.800.wav,STT_TT,3,72,2.649999999999864,wav16k/STT_TT00203_01164.150-01166.800.wav,ད་དེ་ལ་མཐུན་རྐྱེན་ཚང་པ་ལ། འགལ་རྐྱེན་ཟེལ་པ་བྱས་ནས། གཉིས་ཡོད་པའི་ནང་ནས།
STT_TT00203_01133.050-01136.950,ང་ཚོས་དཔེར་ན་འདི་བསྟོད་ལུང་འདྲ་ལྟ་བུ་ཞིག་ལ་ཡ། གསུང་ཆོས་ཚོགས་པ་འཇུག་པ་བྱེད་ཡ་ལ་མཐུན་རྐྱེན་ག་ས་གང་ནས་ཚངདགོས་ཀི་ཡོད་རེད་བ་ ,nga tshos dper na 'di bstod lung 'dra lta bu zhig la ya/_gsung chos tshogs pa 'jug pa byed ya la mthun rkyen ga sa gang nas tshangadagos ki yod red ba _,https://d38pmlk0v88drf.cloudfront.net/wav16k/STT_TT00203_01133.050-01136.950.wav,STT_TT,3,120,3.900000000000091,wav16k/STT_TT00203_01133.050-01136.950.wav,ང་ཚོ་དཔེར་ན།དེ་སྟག་ལུང་བྲག་ལྟ་བུ་ཅིག་ལ་ཡ། གསུང་ཆོས་འཚོ་བར་བྱེད་པ་ལ་ཡ། མཐུན་རྐྱེན་ག་ས་ག་ནས་ཚང་དགོས་ཀི་ཡོད་རེད་བ།
STT_TT00203_01166.950-01171.450,འགལ་རྐྱེན་སེལ་ཡ་འདི། ག་རེ་ཟེར་དུས། ལེའུ་གཉིས་པ་འདི་རེད། ལེའུ་གཉིས་པ་འདི། སྡིག་པ་བཤགས་པའི་ལེའུ་བྱས་ནས། འདི་འདུག་གཱ ,'gal rkyen sel ya 'di/_ga re zer dus/_le'u gnyis pa 'di red/_le'u gnyis pa 'di/_sdig pa bshags pa'i le'u byas nas/_'di 'dug gA_,https://d38pmlk0v88drf.cloudfront.net/wav16k/STT_TT00203_01166.950-01171.450.wav,STT_TT,3,114,4.5,wav16k/STT_TT00203_01166.950-01171.450.wav,འགལ་རྐྱེན་སེལ་ཡ་འདི། ག་རེ་ཟེར་དུས། ལེའུ་གཉིས་པ་འདི་རེད། ལེའུ་གཉིས་པ་འདི། སྡིག་པ་བཤགས་པའི་ལེའུ་ཟེ་ལབ་དུས་དེ་བ།
STT_TT00203_01171.750-01177.350,བྱང་ཆུབ་ཀི་སེམས་མ་སྐྱེ་པ། སྐྱེ་པར་བྱེད་པ་ལ་ཡ། ཕ་ནས་ཚུར་བཀག་སྡོད་ངེ་གི ང་ཚོ་སྐྱེ་བ་ཐོག་མ་མེད་པ་ནས། བསགས་བཞག་རྒྱོ་གི་སྡིག་པ་མང་པོ་ཞིག་ཡོད་རེད་བ།  ,byang chub ki sems ma skye pa/_skye par byed pa la ya/_pha nas tshur bkag sdod nge gi_nga tsho skye ba thog ma med pa nas/_bsags bzhag rgyo gi sdig pa mang po zhig yod red ba/__,https://d38pmlk0v88drf.cloudfront.net/wav16k/STT_TT00203_01171.750-01177.350.wav,STT_TT,3,144,5.599999999999909,wav16k/STT_TT00203_01171.750-01177.350.wav,བྱང་ཆུབ་ཀི་སེམས་མ་སྐྱེས་པ་སྐྱེད་པར་བྱེད་པ་ལ་ཡ། ཕ་ནས་ཚུར་བཀག་སྡོད་ངེ་གི ང་ཚོས་སྐྱེ་བ་ཐོག་མ་མེད་པ་ནས་བསགས་བཞག་རྒྱོ་གི་སྡིག་པ་མང་པོ་ཞེ་བོ་ཞིག་ཡོད་རེད་།
STT_TT00203_01177.900-01180.200,ཚེ་འདི་ལ་སོ་སོས་འཕྲལ་ནང་ལ་བསགས་བསྡད་རྒྱོ་གི སྡིག་པ་མང་པོ་ཡོང་།  ,tshe 'di la so sos 'phral nang la bsags bsdad rgyo gi_sdig pa mang po yong /__,https://d38pmlk0v88drf.cloudfront.net/wav16k/STT_TT00203_01177.900-01180.200.wav,STT_TT,3,64,2.2999999999999545,wav16k/STT_TT00203_01177.900-01180.200.wav,ཚེ་འདི་ལ་སོ་སོས་བྲལ་ནང་ལ་བསགས་བསྡད་རྒྱོ་གི་སྡིག་པ་མང་པོ་ཡོང་།
STT_TT00203_01137.450-01138.300,ཕྱོགས་གཅིག་ནས་བསྡོད་སའི་ས་ ,phyogs gcig nas bsdod sa'i sa _,https://d38pmlk0v88drf.cloudfront.net/wav16k/STT_TT00203_01137.450-01138.300.wav,STT_TT,3,27,0.849999999999909,wav16k/STT_TT00203_01137.450-01138.300.wav,ཕྱོགས་ཅིག་ནས་སྡོད་སའི་ས།
STT_TT00203_01180.900-01184.100,ཨ་ནས། མ་དྲན་པ་བྱས་ནས། སྐྱེ་བ་སྔ་མ་ཕན་ཆད་ལ་བསགས་བཞག་རྒྱོ་གི་སྡིག་པ་ཡ། མང་པོ་ཞེ་བོ་ཞིག་ཡོད་རེད།  ,a nas/_ma dran pa byas nas/_skye ba snga ma phan chad la bsags bzhag rgyo gi sdig pa ya/_mang po zhe bo zhig yod red/__,https://d38pmlk0v88drf.cloudfront.net/wav16k/STT_TT00203_01180.900-01184.100.wav,STT_TT,3,95,3.199999999999818,wav16k/STT_TT00203_01180.900-01184.100.wav,ཨེ་ནས། མ་དྲད་པ་བྱས་ནས། སྐྱེ་བ་སྔ་མ་ཕན་ཆད་ལ་བསགས་བཞག་རྒྱོ་གི སྡིག་པཡང་མང་པོ་ཞེ་བོ་ཞིག་ཡོད་བསྡད་ཀི
STT_TT00203_01184.650-01187.950,ད་འདི་གས་ཕ་བཤགས་ཡ་གི ཐབས་ཤེས་ལ་ཡ། ལེའུ་གཉིས་པ། ད་གིན་ང་ཚོ་སྐྱོར་བ་ཡིན་པ།  ,da 'di gas pha bshags ya gi_thabs shes la ya/_le'u gnyis pa/_da gin nga tsho skyor ba yin pa/__,https://d38pmlk0v88drf.cloudfront.net/wav16k/STT_TT00203_01184.650-01187.950.wav,STT_TT,3,74,3.2999999999999545,wav16k/STT_TT00203_01184.650-01187.950.wav,ད་འདི་གས་ཕར་གཤགས་ཡ་གི་ཐབས་ཤེས་ལ་ཡ། ལེའུ་གཉིས་པ། ད་གིན་ང་ཚོས་སྐྱོར་བ་ཡིན་པ།
STT_TT00203_01188.200-01190.150,ལེའུ་གཉིས་པའི་མིང་ལ་ཡ། སྡིག་པ་བཤགས་པའི་ལེའུ།  ,le'u gnyis pa'i ming la ya/_sdig pa bshags pa'i le'u/__,https://d38pmlk0v88drf.cloudfront.net/wav16k/STT_TT00203_01188.200-01190.150.wav,STT_TT,3,46,1.9500000000000453,wav16k/STT_TT00203_01188.200-01190.150.wav,ལེའུ་གཉིས་པའི་མིང་ལ་ཡ། སྡིག་པ་བཤགས་པའི་ལེའུ་ེ།
STT_TT00203_01191.050-01192.600,པུ་འདི་འདུག་བ། གཞན་པ་ག་གེ་བཤགས་ཀི་ཡོད་མ་རེད་དཱ།  ,pu 'di 'dug ba/_gzhan pa ga ge bshags ki yod ma red dA/__,https://d38pmlk0v88drf.cloudfront.net/wav16k/STT_TT00203_01191.050-01192.600.wav,STT_TT,3,49,1.5499999999999543,wav16k/STT_TT00203_01191.050-01192.600.wav,ྟ་དུས་དེ་བ། གཞན་པ་ག་གེ་བཤགས་ཀི་ཡོད་མ་རེད་དཱ།
STT_TT00203_01193.450-01197.150,ལྷག་པར་དུ། ང་ཚོ་སྤྱོད་འཇུག་ཉམས་ལེན་བྱེད་ངེ་ཞིག་དཱ། སྤྱོད་འཇུག་ལ་གོ་བ་ལེན་གི་ཅིག་ཡིན་པ་ཡིན་ན་ནི།  ,lhag par du/_nga tsho spyod 'jug nyams len byed nge zhig dA/_spyod 'jug la go ba len gi cig yin pa yin na ni/__,https://d38pmlk0v88drf.cloudfront.net/wav16k/STT_TT00203_01193.450-01197.150.wav,STT_TT,3,97,3.7000000000000455,wav16k/STT_TT00203_01193.450-01197.150.wav,ལྷག་པར་དུ།་ང་ཚོ་སྤྱོད་འཇུག་ཉམས་ལེན་བྱེད་ངེ་ཅིག་དང་། སྤྱོད་འཇུག་ལ་གོ་བ་ལེན་ངེ་ཞིག་ཡིན་པ་ཡིན་ན་ནི།
STT_TT00203_01197.550-01202.450,ག་རེ་ལ་གེགས་བྱེད་ངེ་གི་སྡིག་པ་རེད་ཟེར་གི་འདུག་ན། ང་སྐྱེ་བ་ཕྱི་མ་དམྱལ་བ་ལ་སྐྱེ་མི་ཡོང་ངེ་། ཡི་དྭགས་ལ་སྐྱེ་མ་ཡོང་ངེ་། དུད་འགྲོ་ལ་སྐྱེ་མི་ཡོང་ངེ་། བསམ།  ,ga re la gegs byed nge gi sdig pa red zer gi 'dug na/_nga skye ba phyi ma dmyal ba la skye mi yong nge /_yi dwags la skye ma yong nge /_dud 'gro la skye mi yong nge /_bsam/__,https://d38pmlk0v88drf.cloudfront.net/wav16k/STT_TT00203_01197.550-01202.450.wav,STT_TT,3,150,4.900000000000091,wav16k/STT_TT00203_01197.550-01202.450.wav,ག་རེ་ལ་གེགས་བྱེད་ངེ་གི་སྡིག་པ་རེད་ཟེར་གི་འདུག་ན། ང་སྐྱེ་བ་ཕྱི་མ་དམྱལ་བ་ལ་སྐྱེ་མི་ཡོང་ངེ་། ཡི་དྭགས་ལ་སྐྱེ་མི་ཡོང་ངེ་། དུདའགྲོ་ལ་སྐྱེ་མི་ཡོང་ངེ་བསམ།
STT_TT00203_01139.300-01143.000,གཉིས་ནས་འདིའི་ཅིག་ད་མི་གསོལ་ཇ་རེད། གཞེས་པག་རེད། དེ་འདྲ་གི་ཐོག་ནས་མཐུན་རྐྱེན་འདྲ་ཅིག་སྒྲུབ་དགོས་ཀི་ཡོད་རེད།  ,gnyis nas 'di'i cig da mi gsol ja red/_gzhes pag red/_de 'dra gi thog nas mthun rkyen 'dra cig sgrub dgos ki yod red/__,https://d38pmlk0v88drf.cloudfront.net/wav16k/STT_TT00203_01139.300-01143.000.wav,STT_TT,3,108,3.7000000000000455,wav16k/STT_TT00203_01139.300-01143.000.wav,གཉིས་ནས་དེ་ཅིག་ད་མི་གསོལ་ཇ་རེད། ཞས་པང་རེད། དེ་འདྲ་གི་ཐོག་ནས། མཐུན་རྐྱེན་རྲ་ཅིག་སྒྲུབ་དགོས་ཀི་ཡོད་རེད།
STT_TT00203_01202.600-01203.800,དེ་འདྲ་གི་སྡིག་པ་འདི་མིན་པ་བྱས།  ,de 'dra gi sdig pa 'di min pa byas/__,https://d38pmlk0v88drf.cloudfront.net/wav16k/STT_TT00203_01202.600-01203.800.wav,STT_TT,3,33,1.2000000000000457,wav16k/STT_TT00203_01202.600-01203.800.wav,དེ་འདྲ་གི་སྡིག་པ་དེ་མིན་པ་བྱས།
STT_TT00203_01204.300-01206.300,ད་བྱང་ཆུབ་ཀི་སེམས་མ་སྐྱེ་པ་སྐྱེ་པར་བྱེད་པ་ལ་ཡ།  ,da byang chub ki sems ma skye pa skye par byed pa la ya/__,https://d38pmlk0v88drf.cloudfront.net/wav16k/STT_TT00203_01204.300-01206.300.wav,STT_TT,3,48,2.0,wav16k/STT_TT00203_01204.300-01206.300.wav,བྱང་ཆུབ་ཀི་སེམས་མ་སྐྱེད་པ་སྐྱེད་པར་བྱེད་པ་ལ་ཡ།
STT_TT00203_01206.650-01208.000,འགལ་རྐྱེན་བཟོས་བསྡད་ངེ་གི་སྒྲིབ་པ་འདི།  ,'gal rkyen bzos bsdad nge gi sgrib pa 'di/__,https://d38pmlk0v88drf.cloudfront.net/wav16k/STT_TT00203_01206.650-01208.000.wav,STT_TT,3,40,1.349999999999909,wav16k/STT_TT00203_01206.650-01208.000.wav,འགལ་རྐྱེན་བཟོས་སྡོད་ངེ་གི་སྒྲིབ་པ་འདི།
STT_TT00203_01143.500-01145.050,ད་འདྲ་མི་འདྲ་མང་པོ་མཐུན་རྐྱེན་མང་པོ་ཚང་དགོས་ཀི་འདུག་ཨ་ ,da 'dra mi 'dra mang po mthun rkyen mang po tshang dgos ki 'dug a _,https://d38pmlk0v88drf.cloudfront.net/wav16k/STT_TT00203_01143.500-01145.050.wav,STT_TT,3,55,1.5499999999999543,wav16k/STT_TT00203_01143.500-01145.050.wav,ད་འདྲ་མ་འདྲ་མང་པོ་མཐུན་རྐྱེན་མང་པོ་ཚང་དགོས་ཀི་འདུག་གཱ
STT_TT00203_01208.450-01210.000,བྱང་ཆུབ་ཀི་སེམས་སྐྱེ་མ་བཅུག་ངེ་གི ,byang chub ki sems skye ma bcug nge gi_,https://d38pmlk0v88drf.cloudfront.net/wav16k/STT_TT00203_01208.450-01210.000.wav,STT_TT,3,34,1.5499999999999543,wav16k/STT_TT00203_01208.450-01210.000.wav,བྱང་ཆུབ་ཀི་སེམས་སྐྱེད་མ་བཅུག་ངེ་གི
STT_TT00203_01210.450-01212.000,སྡིག་པ་དཱ། སྒྲིབ་པ་འདྲ་མ་འདྲ་མང་པོ་ཞེ་བོ་ཞིག་ཡོང་གི་ཡོད།  ,sdig pa dA/_sgrib pa 'dra ma 'dra mang po zhe bo zhig yong gi yod/__,https://d38pmlk0v88drf.cloudfront.net/wav16k/STT_TT00203_01210.450-01212.000.wav,STT_TT,3,58,1.5499999999999543,wav16k/STT_TT00203_01210.450-01212.000.wav,སྡིག་པ་དཱ་སྒྲིབ་པ་འདྲ་མི་འདྲ་མང་པོ་ཞེ་བོ་ཅིག་ཡོང་གི་ེད།
STT_TT00203_01212.300-01213.300,འོ་ད། འདི་གས་ཕ།  ,'o da/_'di gas pha/__,https://d38pmlk0v88drf.cloudfront.net/wav16k/STT_TT00203_01212.300-01213.300.wav,STT_TT,3,17,1.0,wav16k/STT_TT00203_01212.300-01213.300.wav,འོ་ད།་འདི་གས་ཕར།
STT_TT00203_01215.000-01216.550,ཨེ་ནས། ལེའུ་གཉིས་པ་སྡིག་པ་བཤགས་པའི་ལེའུ།  ,e nas/_le'u gnyis pa sdig pa bshags pa'i le'u/__,https://d38pmlk0v88drf.cloudfront.net/wav16k/STT_TT00203_01215.000-01216.550.wav,STT_TT,3,42,1.5499999999999543,wav16k/STT_TT00203_01215.000-01216.550.wav,ཨེ་ནས། ལེའུ་གཉིས་པ། སྡིག་པ་བཤགས་པའི་ལེའུ།
STT_TT00203_01145.300-01150.500,ད་འགལ་རྐྱེན་དེ་ག་རེ་བྱེད་དགོས་ཀི་ཟེར་དུས་དེ་ལ་འགག་བྱས་ནི་དེ་ལ་གནོད་པ་བྱེད་འདུག་ནི་ཅིག་ཡོད་ནོ་དེ་ཕར་སེལ་དགོས་ཀི་ཡོད་རེད་ ,da 'gal rkyen de ga re byed dgos ki zer dus de la 'gag byas ni de la gnod pa byed 'dug ni cig yod no de phar sel dgos ki yod red _,https://d38pmlk0v88drf.cloudfront.net/wav16k/STT_TT00203_01145.300-01150.500.wav,STT_TT,3,120,5.2000000000000455,wav16k/STT_TT00203_01145.300-01150.500.wav,ད་འགལ་རྐྱེན་འདི། ག་རེ་ཟེར་དགོས་ཟེར་དུས། དེ་ལ་གེགས་བྱེད་ངེ། དེ་ལ་གནོད་པ་སྐྱེལ་བསྡད་ངེ་དེ་འདྲ་ཡིན་ན། འདི་ཕར་སེལ་དགོས་ཀི་ཡོད་རེད་བ།
STT_TT00203_01150.750-01155.050,དཔེར་ན་ང་ཚོས་མེ་ཏོག་འདྲ་བཏབ་པ་ཆ་བཞག་ན་ལེ། ག་རང་ཡིན་པ། ད་ཁྱེད་རང་རྣམས་པ། སྐད་ཆ་རྙིང་པ་རེད། ང་ཚོ་གསན་གསན་པ་རེད།  ,dper na nga tshos me tog 'dra btab pa cha bzhag na le/_ga rang yin pa/_da khyed rang rnams pa/_skad cha rnying pa red/_nga tsho gsan gsan pa red/__,https://d38pmlk0v88drf.cloudfront.net/wav16k/STT_TT00203_01150.750-01155.050.wav,STT_TT,3,111,4.2999999999999545,wav16k/STT_TT00203_01150.750-01155.050.wav,དཔེར་ན། ང་ཚོ་མེ་ཏོག་ཅིག་བཏབ་པ་ཆ་བཞག་ན་ལས། ད་ག་རང་ཡིན་པ། ད་ཁྱེད་རང་རྣམ་པ། སྐད་ཆ་རྙིང་པ་རེད། ང་ཚོ་གསན་གསན་པ་ར
STT_TT00203_01217.050-01217.600,ཨོ་ད་འདི་རེད་ ,o da 'di red _,https://d38pmlk0v88drf.cloudfront.net/wav16k/STT_TT00203_01217.050-01217.600.wav,STT_TT,3,14,0.5499999999999545,wav16k/STT_TT00203_01217.050-01217.600.wav,འོ་ད་འདི་།
STT_TT00203_01218.450-01222.400,ད་ལེའུ་གཉིས་པ་སྡུག་པ་བཤགས་སྟེངས་ལེའུ་དེ་ཉིན་ང་ཚོས་སྐྱོར་ཡིན་པ་ལེའུ་གཉིས་པ་དེ་བྱས་ཨེ་ནས་དེའི་གཞུག་པོ་ལ་ཡང་ ,da le'u gnyis pa sdug pa bshags stengs le'u de nyin nga tshos skyor yin pa le'u gnyis pa de byas e nas de'i gzhug po la yang _,https://d38pmlk0v88drf.cloudfront.net/wav16k/STT_TT00203_01218.450-01222.400.wav,STT_TT,3,106,3.9500000000000455,wav16k/STT_TT00203_01218.450-01222.400.wav,ད་ལེའུ་གཉིས་པ་སྡིག་པ་བཤགས་པའི་ལེའུ་ད་གིན་ང་ཚོ་སྐྱོར་ཡིན་པ། ལེའུ་གཉིས་པ་འདི་བྱས། ཨེནསདེ་གཞུག་གུ་ལ་ཡ།
STT_TT00203_01222.750-01227.950,རྗེས་སུ་ཡི་རང་མགོ་བཙུགས་དུས་དེ་བ་རྗེས་སུ་ཡི་རང་འདི་གེ་བྱས་སྐུལ་མ་འདི་གེ་བྱས་གསོལ་བ་བདེབས་ད་ལབ་སྟེངས་ཡན་ལག་བདུན་པ་ཆ་ཚང་གི་ཐོག་ནས་མར་ ,rjes su yi rang mgo btsugs dus de ba rjes su yi rang 'di ge byas skul ma 'di ge byas gsol ba bdebs da lab stengs yan lag bdun pa cha tshang gi thog nas mar _,https://d38pmlk0v88drf.cloudfront.net/wav16k/STT_TT00203_01222.750-01227.950.wav,STT_TT,3,132,5.2000000000000455,wav16k/STT_TT00203_01222.750-01227.950.wav,རྗེས་སུ་ཡི་རང་བསྐུལ་ཤོག་ཟེར་དུས་འདི་བ། རྗེས་སུ་ཡི་རང་འདི་གས་བྱས། སྐུན་མ་འདི་གས་བྱས། གསོལ་བ་བཏབ། ད་གང་ལྟར་ང་ཚོ་ཡན་ལག་བདུན་པ་ཆ་ཚང་གི་ཐོག་ནས་མར།
STT_TT00203_01228.150-01229.900,ད་གེ་ལེའུ་གཉིས་པ་ཆས་སོང་ང་ལེའུ་གཉིས་པ་བལྟ་ ,da ge le'u gnyis pa chas song nga le'u gnyis pa blta _,https://d38pmlk0v88drf.cloudfront.net/wav16k/STT_TT00203_01228.150-01229.900.wav,STT_TT,3,43,1.75,wav16k/STT_TT00203_01228.150-01229.900.wav,ད་གིན་ལེའུ་གཉིས་པ་འདི་ཕྱིན་སོང་ང་། ལེའུ་གཉིས་པ་ད།
STT_TT00203_01230.100-01231.150,ལེའུ་གསུམ་པའི་དབུ་དེ་ནས་ ,le'u gsum pa'i dbu de nas _,https://d38pmlk0v88drf.cloudfront.net/wav16k/STT_TT00203_01230.100-01231.150.wav,STT_TT,3,25,1.050000000000182,wav16k/STT_TT00203_01230.100-01231.150.wav,ལེའུ་གསུམ་པའི་དབུ་དེ་ནས།
STT_TT00203_01231.350-01233.000,དེ་ཟིག་འདྲ་བྱས་ནས་དེ་གེ་ནང་ནས་ཆ་ཚང་མར་ཅིག་ ,de zig 'dra byas nas de ge nang nas cha tshang mar cig _,https://d38pmlk0v88drf.cloudfront.net/wav16k/STT_TT00203_01231.350-01233.000.wav,STT_TT,3,43,1.650000000000091,wav16k/STT_TT00203_01231.350-01233.000.wav,ཏིག་ཙི་འདྲ་ཞིག་བྱས་བྱས། འདི་གས་ནང་ནས་ཆ་ཚང་མ་ྱ།
STT_TT00203_01233.850-01240.450,ད་ལེའུ་གཉིས་ཁ་ཐུག་དེ་བྱང་ཆུབ་སེམས་མ་བསྐྱེད་པ་བསྐྱེད་པར་བྱེད་པ་འགལ་རྐྱེན་སྒྲིབ་པ་དེ་གེ་ཕར་ཆ་ཚང་བཅོམ་ཚར་དུས་ཨེ་ནས་བྱང་ཆུབ་སེམས་ཡོངས་སུ་ཚུར་བཟུང་དགོས་ཀི་ཡོད་རེད་ ,da le'u gnyis kha thug de byang chub sems ma bskyed pa bskyed par byed pa 'gal rkyen sgrib pa de ge phar cha tshang bcom tshar dus e nas byang chub sems yongs su tshur bzung dgos ki yod red _,https://d38pmlk0v88drf.cloudfront.net/wav16k/STT_TT00203_01233.850-01240.450.wav,STT_TT,3,159,6.600000000000136,wav16k/STT_TT00203_01233.850-01240.450.wav,ད་ལེའུ་གཉིས་པ་ཁ་ཐུག་དེ། བྱང་ཆུབ་ཀི་སེམས་མ་སྐྱེས་པ་སྐྱེད་པར་བྱེད་པ། འགྱལ་རྐྱེན་སྒྲིབ་པ་འདི་གས་ཕ་ཆ་ཚང་ཕར་བཅོམ་ཚར་དུས། ཨེ་ནས་ བྱང་ཆུབ་ཀི་སེམས་ཡོངས་སུ་ཚུར་བཟུང་དགོས་ཀི་ཡོད་རེད།
STT_TT00203_01250.800-01254.150,ད་གལ་སྲིད་ང་ཚོས་སྐྱེ་མ་ཐུབ་ནའང་། ག་རེ་བྱེད་དགོས་ཀི་ཡོད་རེད་ཟེར་ལབ་དུས་དེ་བ། ཨ་ལས་སྔོན་ལ་ཡ།  ,da gal srid nga tshos skye ma thub na'ang /_ga re byed dgos ki yod red zer lab dus de ba/_a las sngon la ya/__,https://d38pmlk0v88drf.cloudfront.net/wav16k/STT_TT00203_01250.800-01254.150.wav,STT_TT,3,92,3.3500000000001364,wav16k/STT_TT00203_01250.800-01254.150.wav,ད་གལ་སྲིད་ང་ཚོས་སྐྱེ་མ་ཐུབ་ནའང་། ག་རེ་བྱེད་དགོས་ཀི་ོ་རེད་ཟེ་ལབ་དུས་དེབ། ཨ་ལེ་སྔོན་ལ་ཡ།
STT_TT00203_01254.450-01256.700,ཆོ་ག་ལ་རྟེན་བྱས། བྱང་ཆུབ་ཀི་སེམས་བླང་སྟངས་ཀི།  ,cho ga la rten byas/_byang chub ki sems blang stangs ki/__,https://d38pmlk0v88drf.cloudfront.net/wav16k/STT_TT00203_01254.450-01256.700.wav,STT_TT,3,47,2.25,wav16k/STT_TT00203_01254.450-01256.700.wav,ཆོ་ག་ལ་བརྟེན་བྱས། བྱང་ཆུབ་ཀི་སེམས་བླང་སྟངས་ཀི
STT_TT00203_01257.300-01258.900,འདའ་ཉིན་ང་ཚོས། བྱང་ཆུབ་ཀི་སེམས་ཞུས་ཡིན་པ།  ,'da' nyin nga tshos/_byang chub ki sems zhus yin pa/__,https://d38pmlk0v88drf.cloudfront.net/wav16k/STT_TT00203_01257.300-01258.900.wav,STT_TT,3,43,1.6000000000001364,wav16k/STT_TT00203_01257.300-01258.900.wav,ད་ཉིན་ང་ཚོ་བྱང་ཆུབ་ཀི་སེམས་ཞུས་པ་ཡིན་པ།
STT_TT00203_01259.250-01259.800,བྱང་ཆུབ་སེམས་དཔའི་སྡོམ་པ།  ,byang chub sems dpa'i sdom pa/__,https://d38pmlk0v88drf.cloudfront.net/wav16k/STT_TT00203_01259.250-01259.800.wav,STT_TT,3,27,0.5499999999999545,wav16k/STT_TT00203_01259.250-01259.800.wav,བྱང་ཆུབ་སེམས་དཔའི་སྡོམ་།
STT_TT00203_01260.150-01262.150,བྱང་ཆུབ་ཀི་སེམས་ཡ་ཞུས་པ་རེད། བྱང་ཆུབ་སེམས་དཔའི་སྡོམ་པ་ཞུས་པ་རེད།  ,byang chub ki sems ya zhus pa red/_byang chub sems dpa'i sdom pa zhus pa red/__,https://d38pmlk0v88drf.cloudfront.net/wav16k/STT_TT00203_01260.150-01262.150.wav,STT_TT,3,66,2.0,wav16k/STT_TT00203_01260.150-01262.150.wav,བྱང་ཆུབ་ཀི་སེམས་ཞུས་པ་རེད། བྱང་ཆུབ་སེམས་དཔའི་སྡོམ་པ་ཞུས་པ་རེད།
STT_TT00203_01262.300-01263.800,ང་ཚོ་འཕགས་པ་ཐོབས་མེད་ཀིས ,nga tsho 'phags pa thobs med kis_,https://d38pmlk0v88drf.cloudfront.net/wav16k/STT_TT00203_01262.300-01263.800.wav,STT_TT,3,25,1.5,wav16k/STT_TT00203_01262.300-01263.800.wav,ང་ཚོ་འཕགས་པ་ཐོགས་མེད་ཀི་
STT_TT00203_01241.000-01244.250,ད་བྱང་ཆུབ་གི་སེམས་ཡོངས་སུ་བཟུང་ཟེར་ཡ་དེ། སྤྱོད་འཇུག་ཁོ་རང་སྒྲུབ་པ་མཉམ་ལེན་ནས་མར་ཅིག ,da byang chub gi sems yongs su bzung zer ya de/_spyod 'jug kho rang sgrub pa mnyam len nas mar cig_,https://d38pmlk0v88drf.cloudfront.net/wav16k/STT_TT00203_01241.000-01244.250.wav,STT_TT,3,84,3.25,wav16k/STT_TT00203_01241.000-01244.250.wav,ད་བྱང་ཆུབ་ཀི་སེམས་ཡོངས་སུ་བཟུང་ཟེར་ཡ་འདི། སྤྱོད་འཇུག་ཁོ་རང་དཔེ་འགྲུབ་པ་ཉམས་ལེན་ནས་མ་།
STT_TT00203_01244.750-01246.900,སྤྱོད་འཇུག་ང་ཚོས་དཔེ་རྒྱུད་ལ་བསྐྱེད་རིམ་རང་གི་དབང་དུ་བྱས་ནས་ ,spyod 'jug nga tshos dpe rgyud la bskyed rim rang gi dbang du byas nas _,https://d38pmlk0v88drf.cloudfront.net/wav16k/STT_TT00203_01244.750-01246.900.wav,STT_TT,3,61,2.150000000000091,wav16k/STT_TT00203_01244.750-01246.900.wav,སྤྱོད་འཇུག་ང་ཚོས་དཔེ་རྒྱུད་ལ་བསྐྱེད་རིམ་རང་གི་དབང་དུ་བྱས།
STT_TT00203_01264.300-01265.300,གང་ཟད་ནང་ནས་མ་གསུངས་བཞག་རྒྱོ།  ,gang zad nang nas ma gsungs bzhag rgyo/__,https://d38pmlk0v88drf.cloudfront.net/wav16k/STT_TT00203_01264.300-01265.300.wav,STT_TT,3,31,1.0,wav16k/STT_TT00203_01264.300-01265.300.wav,དང་སའ་ནང་ནས་མར་གསུངས་བཞག་རྒྱོ།
STT_TT00203_01265.650-01269.950,རྗེ་རིན་པོ་ཆེ་གིས། ལམ་རིམ་ཆེན་མོའི་ནང་ལ་མ་བཀོད་བསྡད་རྒྱོ། ད་བྱང་ཆུབ་སེམས་དཔའི་སྡོམ་པ་ནང་ནས། དཔེ་བསམ་གི་མི་ཁྱབ་པ་ཞེ་བོ་ཞིག ,rje rin po che gis/_lam rim chen mo'i nang la ma bkod bsdad rgyo/_da byang chub sems dpa'i sdom pa nang nas/_dpe bsam gi mi khyab pa zhe bo zhig_,https://d38pmlk0v88drf.cloudfront.net/wav16k/STT_TT00203_01265.650-01269.950.wav,STT_TT,3,122,4.2999999999999545,wav16k/STT_TT00203_01265.650-01269.950.wav,རྗེ་རིན་པོ་ཆེ་གི་ལམ་རིམ་ཆེན་མོའི་ནང་ལ་མ་བཀོད་བསྡད་རྒྱོ། ད་བྱང་ཆུབ་སེམས་ཀི་སྡོམ་པ་གནང་ྟ། དཔེ་བསམ་གྱིས་མི་ཁྱབ་པ་ཞེ་བོ་ཅིག
STT_TT00203_01270.450-01274.750,སྙིང་མ་བསྟོན་བཞག་རྒྱོ་ལྟ་བུ། དེ་འདྲ་གི་ཅིག་རྩ་ཆེན་པོ་ཞིག་ཡོད་བསྡད་རྒྱོ་འདི། འདའ་ཉིན་ང་ཚོས་སྐྱོར་བ་རེད་པ། ད་དེ་ནས་མ།  ,snying ma bston bzhag rgyo lta bu/_de 'dra gi cig rtsa chen po zhig yod bsdad rgyo 'di/_'da' nyin nga tshos skyor ba red pa/_da de nas ma/__,https://d38pmlk0v88drf.cloudfront.net/wav16k/STT_TT00203_01270.450-01274.750.wav,STT_TT,3,117,4.2999999999999545,wav16k/STT_TT00203_01270.450-01274.750.wav,སྙིང་མ་བཏོན་བཞིག་རྒྱ་ལྟ་བུ། དེ་འདྲ་གི་ཅིག་རྩ་ཆེན་པོ་ཞིག་ཡོད་བསྡད་རྒྱོ་ཅིག ད་ཉིན་ང་ཚོས་སྐྱོར་བ་རེད་བ། ད་དེ་ནས་མ།
STT_TT00203_01275.200-01276.600,བྱང་ཆུབ་སེམས་དཔའི་སྡོམ་པ་ལེན་སྟངས། དེ་འདྲ་དེ་འདྲ་ཡིན་ཟེར།  ,byang chub sems dpa'i sdom pa len stangs/_de 'dra de 'dra yin zer/__,https://d38pmlk0v88drf.cloudfront.net/wav16k/STT_TT00203_01275.200-01276.600.wav,STT_TT,3,59,1.3999999999998636,wav16k/STT_TT00203_01275.200-01276.600.wav,བྱང་ཆུབ་སེམས་དཔའ་སྡོམ་པ་ལེན་སྟངས་དེ་འདྲ་དེ་འདྲ་ཡིན་།
STT_TT00203_01300.350-01301.050,འདའ་ཉིན་ང་ཚོས་ལེན་པ་རེད།  ,'da' nyin nga tshos len pa red/__,https://d38pmlk0v88drf.cloudfront.net/wav16k/STT_TT00203_01300.350-01301.050.wav,STT_TT,3,26,0.7000000000000455,wav16k/STT_TT00203_01300.350-01301.050.wav,ད་ཉིན་ང་ཚོས་གལེན་པ་རེད།
STT_TT00203_01301.750-01304.150,ད་འདི། བྱང་ཆུབ་ཀི་སེམས་ཡོངས་སུ་བཟུང་བའི་ལེའུ་ཟེར་དུས་དེ་བ།  ,da 'di/_byang chub ki sems yongs su bzung ba'i le'u zer dus de ba/__,https://d38pmlk0v88drf.cloudfront.net/wav16k/STT_TT00203_01301.750-01304.150.wav,STT_TT,3,60,2.400000000000091,wav16k/STT_TT00203_01301.750-01304.150.wav,ད་འདི་བྱང་ཆུབ་ཀི་སེམས་ཡོངས་སུ་བཟུང་བའི་ལེའུ་ཟེར་དུས་དེ་བ།
STT_TT00203_01304.400-01305.550,ལེའུ་གསུམ་པ་འདི་ནང་ལ་ཡིན་པ།  ,le'u gsum pa 'di nang la yin pa/__,https://d38pmlk0v88drf.cloudfront.net/wav16k/STT_TT00203_01304.400-01305.550.wav,STT_TT,3,29,1.1499999999998636,wav16k/STT_TT00203_01304.400-01305.550.wav,ལེའུ་གསུམ་པ་འདི་ནང་ལ་ཡིན་པ།
STT_TT00203_01306.550-01307.800,བྱང་ཆུབ་སེམས་ཡོངས་སུ་བཟུང་བ་ཟེར་ཡ།  ,byang chub sems yongs su bzung ba zer ya/__,https://d38pmlk0v88drf.cloudfront.net/wav16k/STT_TT00203_01306.550-01307.800.wav,STT_TT,3,36,1.25,wav16k/STT_TT00203_01306.550-01307.800.wav,བྱང་ཆུབ་ཀི་སེམས་ཡོངས་སུ་བཟུང་བ་ཟེར་ཡ།
STT_TT00203_01308.400-01309.100,འདི་ལེའུ་གསུམ་པ་འདི།  ,'di le'u gsum pa 'di/__,https://d38pmlk0v88drf.cloudfront.net/wav16k/STT_TT00203_01308.400-01309.100.wav,STT_TT,3,22,0.6999999999998181,wav16k/STT_TT00203_01308.400-01309.100.wav,འདི་ལེའུ་གསུམ་པ་དི།
STT_TT00203_01309.600-01312.000,ད་འདི། བྱང་ཆུབ་སེམས་ཡོངས་སུ་བཟུང་བ། ཟེར་སྟངས་ལ་བལྟས་ཡོང་དུས་དེ་བ།  ,da 'di/_byang chub sems yongs su bzung ba/_zer stangs la bltas yong dus de ba/__,https://d38pmlk0v88drf.cloudfront.net/wav16k/STT_TT00203_01309.600-01312.000.wav,STT_TT,3,67,2.400000000000091,wav16k/STT_TT00203_01309.600-01312.000.wav,ད་འདི་བྱང་ཆུབ་ཀི་སེམས་ཡོངས་སུ་བཟུང་བ་ཟེར་སྟངས་ལ་བལྟས་ཡོང་དུས་དེ་བ།
STT_TT00203_01312.300-01314.700,བྱང་ཆུབ་ཀི་སེམས། ཚུར་རྒྱུད་ལ་སྐྱེ་པ་ལ་ཡ་གོ་གི་རེད་ལ།  ,byang chub ki sems/_tshur rgyud la skye pa la ya go gi red la/__,https://d38pmlk0v88drf.cloudfront.net/wav16k/STT_TT00203_01312.300-01314.700.wav,STT_TT,3,54,2.400000000000091,wav16k/STT_TT00203_01312.300-01314.700.wav,བྱང་ཆུབ་ཀི་སེམས་ཚུར་རྒྱུད་ལ་སྐྱེས་པ་ལའ་གོ་གི་རེད་ལ།
STT_TT00203_01247.200-01249.900,ཐད་འདོད་ནི་ཡིན་ན་བྱང་ཆུབ་གི་སེམས་ཡིན་ཅིག་མིན་ཅིག་གི་མ་བསྐྱེད་པ་བསྐྱེད་པར་བྱ་དགོས་རེད་ ,thad 'dod ni yin na byang chub gi sems yin cig min cig gi ma bskyed pa bskyed par bya dgos red _,https://d38pmlk0v88drf.cloudfront.net/wav16k/STT_TT00203_01247.200-01249.900.wav,STT_TT,3,86,2.700000000000045,wav16k/STT_TT00203_01247.200-01249.900.wav,དེད་འགྲོ་ངེ་ཡིན་ན། བྱང་ཆུབ་ཀི་སེམས་ཡིན་གཅིག་མིན་གཅིག་གི་མ་སྐྱེ་པ་སྐྱེས་པ་བྱེད་དགོས།
STT_TT00203_01277.300-01277.950,དེ་གེ་མར་སྐྱོར་བྱ་ ,de ge mar skyor bya _,https://d38pmlk0v88drf.cloudfront.net/wav16k/STT_TT00203_01277.300-01277.950.wav,STT_TT,3,19,0.650000000000091,wav16k/STT_TT00203_01277.300-01277.950.wav,འདི་གས་མ་སྐྱོར་བཞག
STT_TT00203_01314.950-01316.950,ཆོ་ག་ལ་བརྟེན་བྱས། བྱང་ཆུབ་ཀི་སེམས་ཡོངས་སུ་བཟུང་བ་ཞིག ,cho ga la brten byas/_byang chub ki sems yongs su bzung ba zhig_,https://d38pmlk0v88drf.cloudfront.net/wav16k/STT_TT00203_01314.950-01316.950.wav,STT_TT,3,53,2.0,wav16k/STT_TT00203_01314.950-01316.950.wav,ཆོ་ྔ་ལ་བརྟེན་བྱས། བྱང་ཆུབ་ཀི་སེམས་ཡོངས་སུ་བཟུང་བ་ཞིག
STT_TT00203_01317.450-01317.950,དེ་འདྲ་ཞིག་ལབ་བཞག་ན།  ,de 'dra zhig lab bzhag na/__,https://d38pmlk0v88drf.cloudfront.net/wav16k/STT_TT00203_01317.450-01317.950.wav,STT_TT,3,22,0.5,wav16k/STT_TT00203_01317.450-01317.950.wav,དེ་འདྲ་ིག་ལབ་བཞག་ན།
STT_TT00203_01318.350-01323.500,ད་ང་ཚོ། ད་ལྟ་དེ། ང་རང་ཚོས་ཐེབས་ཆག་ཅིག་གི་ངོ་ནས་བཤད་ན། ཁ་སྟབས་སྐྱོ་བོ་ཞེ་བོ་ཞིག་གི་ཐོག་ནས། རྩད་གཅོད་གཏང་བྱས་ཕྱིན་པ་ཡིན་ན།  ,da nga tsho/_da lta de/_nga rang tshos thebs chag cig gi ngo nas bshad na/_kha stabs skyo bo zhe bo zhig gi thog nas/_rtsad gcod gtang byas phyin pa yin na/__,https://d38pmlk0v88drf.cloudfront.net/wav16k/STT_TT00203_01318.350-01323.500.wav,STT_TT,3,122,5.150000000000091,wav16k/STT_TT00203_01318.350-01323.500.wav,ད་ང་ཚོ་ད་ལྟ་དེ། ང་རང་ཚོས་ཐེབས་ཆག་ཞིག་ངོས་ནས་བཤད་ན། མཐའ་ྟབས་སྐྱོ་བོ་ཞེ་བོ་ཞིག་གི་ཐོག་ནས། རྩད་གཅོད་བཏང་བྱས་ཕྱིན་པ་ཡིན་ན།
STT_TT00203_01323.650-01327.900,སྤྱོད་འཇུག་མཁན་པོས་དེ། སྤྱོད་འཇུག་ནང་ནས་མ་གསུངས་པ་ནང་བཞིན་བྱས་ནས། ངས་འགྲོ་ཐུབ་ཀི་ཡོད་རེད་ཟེར་ན། རྩ་བ་ཉིད་ནས་འགྲོ་ཐུབ་ཀི་ཡོད་མ་རེད།  ,spyod 'jug mkhan pos de/_spyod 'jug nang nas ma gsungs pa nang bzhin byas nas/_ngas 'gro thub ki yod red zer na/_rtsa ba nyid nas 'gro thub ki yod ma red/__,https://d38pmlk0v88drf.cloudfront.net/wav16k/STT_TT00203_01323.650-01327.900.wav,STT_TT,3,132,4.25,wav16k/STT_TT00203_01323.650-01327.900.wav,སྤྱོད་འཇུག་མཁན་པོས་དེ་སྤྱོད་འཇུག་ནང་ནས་མར་གསུངས་པ་ནང་བཞིན་བྱས་ནས། ངས་འགྲོ་ཐུབ་ཀི་ཡོད་རེད་ཟེར་ན། རྩ་བ་ཉིད་ནས་འགྲོ་ཐུབ་ཀི་ཡོད་མ་རེད།
STT_TT00203_01328.250-01331.350,ག་རེ་ཟེར་ན། ལེའུ་གསུམ་པའི་ཁ་ཐུག་དེ། སླེབས་ཡོང་དུས་དེ་བ། བྱང་ཆུབ་ཀི་སེམས་ཡོངས་སུ་བཟུང་བ་ཟེར་དུས་དེ་བ།  ,ga re zer na/_le'u gsum pa'i kha thug de/_slebs yong dus de ba/_byang chub ki sems yongs su bzung ba zer dus de ba/__,https://d38pmlk0v88drf.cloudfront.net/wav16k/STT_TT00203_01328.250-01331.350.wav,STT_TT,3,102,3.099999999999909,wav16k/STT_TT00203_01328.250-01331.350.wav,ག་རེ་ཟེར་ན། ལེའུ་གསུམ་པའི་ཁ་ཐུག་དེ་སླེབ་ཡོང་དུས་དེ་བ། བྱང་ཆུབ་ཀི་སེམས་ཡོངས་སུ་བཟུང་བ་ཟེར་དུས་དེ་བ།
STT_TT00203_01331.650-01332.750,བྱང་ཆུབ་ཀི་སེམས་རྒྱུད་ལ་སྐྱེ་དགོས་ཀི་འདུག་གཱ ,byang chub ki sems rgyud la skye dgos ki 'dug gA_,https://d38pmlk0v88drf.cloudfront.net/wav16k/STT_TT00203_01331.650-01332.750.wav,STT_TT,3,45,1.099999999999909,wav16k/STT_TT00203_01331.650-01332.750.wav,བྱང་ཆུབ་ཀི་སེམས་རྒྱུད་ལ་སྐྱེ་དགོས་ཀི་འདུག་ག
STT_TT00203_01332.950-01336.950,ད་ངས་སྐྱེ་ཐུབ་ཀི་ཡོད་མ་རེད། ང་སྤྱོད་འཇུག་གི་ཁྲིད་ཞུས་ནས། བྱང་ཆུབ་ཀི་སེམས་སྐྱེས་ཐུབ་ནས།  ,da ngas skye thub ki yod ma red/_nga spyod 'jug gi khrid zhus nas/_byang chub ki sems skyes thub nas/__,https://d38pmlk0v88drf.cloudfront.net/wav16k/STT_TT00203_01332.950-01336.950.wav,STT_TT,3,88,4.0,wav16k/STT_TT00203_01332.950-01336.950.wav,ད་ངས་སྐྱེ་ཐུབ་བསྡད་ཡོད་མ་རེད། ང་སྤྱོད་འཇུག་གི་ཁྲིད་ཞུས་ནས། བྱང་ཆུབ་ཀི་སེམས་བསྐྱེད་ཐུབ་ནས།
STT_TT00203_01337.100-01339.350,སེམས་བཟང་རུ་འགྲོ་རྒྱོ་ཕ་བཞག་བྱས། ཕལ་ཆེར།  ,sems bzang ru 'gro rgyo pha bzhag byas/_phal cher/__,https://d38pmlk0v88drf.cloudfront.net/wav16k/STT_TT00203_01337.100-01339.350.wav,STT_TT,3,42,2.25,wav16k/STT_TT00203_01337.100-01339.350.wav,སེམས་བཟང་རུ་འགྲོ་རྒྱུ་ཕར་བཞག་བྱས། ཕལ་ཆེར།
STT_TT00203_01339.600-01340.200,སྤྱོད་འཇུག་གི་ཁྲིད།  ,spyod 'jug gi khrid/__,https://d38pmlk0v88drf.cloudfront.net/wav16k/STT_TT00203_01339.600-01340.200.wav,STT_TT,3,21,0.6000000000001364,wav16k/STT_TT00203_01339.600-01340.200.wav,སྤྱོད་འཇུག་གི་ཁྲིད།
STT_TT00203_01340.350-01340.900,ཞུས་ནས།  ,zhus nas/__,https://d38pmlk0v88drf.cloudfront.net/wav16k/STT_TT00203_01340.350-01340.900.wav,STT_TT,3,9,0.5500000000001819,wav16k/STT_TT00203_01340.350-01340.900.wav,ཞུས་ནས།
STT_TT00203_01341.950-01344.800,སྤྱོད་འཇུག་གི་ཁྲིད། དང་པོའི་ཞུས་པའི་ཉིན་གར་དེ། ཧང་འདྲ་ཞིག་སང་།  ,spyod 'jug gi khrid/_dang po'i zhus pa'i nyin gar de/_hang 'dra zhig sang /__,https://d38pmlk0v88drf.cloudfront.net/wav16k/STT_TT00203_01341.950-01344.800.wav,STT_TT,3,64,2.849999999999909,wav16k/STT_TT00203_01341.950-01344.800.wav,སྤྱོད་འཇུག་གི་ཁྲིད་ དང་པོ་ཞུས་པའི་ཉིན་གང་དེ། ཧང་འདྲ་ཞིག
STT_TT00203_01345.050-01347.000,བྱང་ཆུབ་ཀི་སེམས་ཟེར་ངེ་འདི། ཞེ་བོ་ཞིག་རེད་ཤ ,byang chub ki sems zer nge 'di/_zhe bo zhig red sha_,https://d38pmlk0v88drf.cloudfront.net/wav16k/STT_TT00203_01345.050-01347.000.wav,STT_TT,3,44,1.9500000000000453,wav16k/STT_TT00203_01345.050-01347.000.wav,བྱང་ཆུབ་ཀི་སེམས་ཟེར་ངེ་འདི། ཞེ་བོ་ཞིག་རེད་ཤག
STT_TT00203_01347.300-01350.750,བླ་མ་དཀོན་མཆོག་གིས་མཁྱེན། བྱང་ཆུབ་ཀི་སེམས་འདི། ཅིག་སྐྱེ་ཐུབ་རོགས་བྱས་ན་ད། ཡག་པོ་ད་ཞེ་བོ་ཞིག་ཡོང་ས་རེད་བསམ།  ,bla ma dkon mchog gis mkhyen/_byang chub ki sems 'di/_cig skye thub rogs byas na da/_yag po da zhe bo zhig yong sa red bsam/__,https://d38pmlk0v88drf.cloudfront.net/wav16k/STT_TT00203_01347.300-01350.750.wav,STT_TT,3,108,3.450000000000045,wav16k/STT_TT00203_01347.300-01350.750.wav,བཨ་མ་དཀོན་མཆོག་གིས་མཁྱེན། བྱང་ཆུབ་ཀི་སེམས་དི་ཅིག་སྐྱེ་ཐུབ་རོགས་བྱས་ན་ད། ཡག་པོ་ད་ཞེ་བོ་ཞིག་ཡོང་ས་རེད་བསམ།
STT_TT00203_01351.200-01354.750,དེ་འདྲ་ཞིག་བསམ། ད་ཉི་མ་གཉིས་པ་ཅིག་ཉན། གསུམ་པ་ཅིག་ཉན་བྱས་དུས་དེ་བ། གང་ཙམ་ཞིག་ནས།  ,de 'dra zhig bsam/_da nyi ma gnyis pa cig nyan/_gsum pa cig nyan byas dus de ba/_gang tsam zhig nas/__,https://d38pmlk0v88drf.cloudfront.net/wav16k/STT_TT00203_01351.200-01354.750.wav,STT_TT,3,81,3.5499999999999545,wav16k/STT_TT00203_01351.200-01354.750.wav,དེ་འདྲ་ཞིག་བསམ་པ། ད་ཉི་མ་གཉིས་པ་གཅིག་ཉིས། གསུམ་པ་གཅིག་ཉིས་ཟེར་དུས་དེ་བ། གང་འཚམ་ཅིག་ནས།
STT_TT00203_01355.050-01355.650,ཆད་པས་བཟོ་འདྲ་བྱས ,chad pas bzo 'dra byas_,https://d38pmlk0v88drf.cloudfront.net/wav16k/STT_TT00203_01355.050-01355.650.wav,STT_TT,3,18,0.6000000000001364,wav16k/STT_TT00203_01355.050-01355.650.wav,དེབ་པའི་ཟོལ་དྲ་ཞིག
STT_TT00203_01356.250-01358.300,ཨེ་ནས། བྱང་ཆུབ་ཀི་སེམས་ཀི་སྐོར་དེ་འདྲ། མ་བཤད་ཡོང་དུས་དེ་བ།  ,e nas/_byang chub ki sems ki skor de 'dra/_ma bshad yong dus de ba/__,https://d38pmlk0v88drf.cloudfront.net/wav16k/STT_TT00203_01356.250-01358.300.wav,STT_TT,3,60,2.0499999999999545,wav16k/STT_TT00203_01356.250-01358.300.wav,ཨེ་ནས། བྱང་ཆུབ་ཀི་སེམས་ཀི་སྐོར་དེ་འནས་མ་བཤད་ཡོང་དུས་དེ་བ།
STT_TT00203_01358.500-01361.150,བསམ་བློའི་ནང་ལ་ཆུ་རྫོ་འདི་རྫོ་ཟིག་གེ་མེད་བསྡད་རྒྱོ་བཟོ་འདྲ་ཞིག་ ང་ཚོ།  ,bsam blo'i nang la chu rdzo 'di rdzo zig ge med bsdad rgyo bzo 'dra zhig _nga tsho/__,https://d38pmlk0v88drf.cloudfront.net/wav16k/STT_TT00203_01358.500-01361.150.wav,STT_TT,3,71,2.650000000000091,wav16k/STT_TT00203_01358.500-01361.150.wav,བསམ་བློའ་ནང་ལ། སྤྱི་ཚོག་འདུད་ཚོག་སེ་གེ་མེད་བསྡད་རྒྱོ་གི་ཟོལ་ཅིག ང་ཚོ།
STT_TT00203_01362.200-01365.650,གང་འཚམ་ཞིག་ནས། དེ་ནས་མ་མང་པོ་བཤད་ཡོང་དུས་འདུག་གཱ འོ་འོ། བྱང་ཆུབ་སེམས་ཟེར་ཡ་རྒྱུས་ཡོད་ཟེར་ཡ།  ,gang 'tsham zhig nas/_de nas ma mang po bshad yong dus 'dug gA_'o 'o/_byang chub sems zer ya rgyus yod zer ya/__,https://d38pmlk0v88drf.cloudfront.net/wav16k/STT_TT00203_01362.200-01365.650.wav,STT_TT,3,93,3.450000000000045,wav16k/STT_TT00203_01362.200-01365.650.wav,གང་འཚམ་ྱསག་ནས། འདེ་ནས་མར་མང་པོ་བཤད་ཡོང་དུས་དེ་བ། འོ་འོ། བྱང་ཆུབ་སེམས་ཟེར་ཡ་རྒྱུས་ཡོད་ཟེར་ཡ།
STT_TT00203_01365.950-01369.250,དེ་འདྲ་ཞིག་གི་སྒང་ལ་སླེབ་ཡ་གི ཉེན་ཁ་འདུག་ག འོ་ཡོང་། བྱང་ཆུབ་སེམས་ཡོང་སུ་བྱས་ནས།  ,de 'dra zhig gi sgang la sleb ya gi_nyen kha 'dug ga_'o yong /_byang chub sems yong su byas nas/__,https://d38pmlk0v88drf.cloudfront.net/wav16k/STT_TT00203_01365.950-01369.250.wav,STT_TT,3,81,3.2999999999999545,wav16k/STT_TT00203_01365.950-01369.250.wav,དེ་འདྲ་ཞིག་སྒང་ལ་སླེབ་ཡ་གི་ཉེན་ཁ་འདུག་ག འོ་ཡོང་། བྱང་ཆུབ་སེམས་ཡོང་ཟེ་བྱས་ནས།
STT_TT00203_01372.000-01376.550,དེ་འདྲ་ཞིག་སྒང་ལ་འགྲོ་ཡ་ཉེན་ཁ་ཡོད་རེད་དཱ། ཁྱོད་རང་ཚོ་དགོངས་པ་བཞེད་ཤོག་ཨ། དེ་ཆོས་ཚུར་ཉན་ཀ་ཡ་ཡོང་དུས་དེ་བ།་དཔེ་ཁྲིད་ལ་ཡོང་དུས་དེ་བ།  ,de 'dra zhig sgang la 'gro ya nyen kha yod red dA/_khyod rang tsho dgongs pa bzhed shog a/_de chos tshur nyan ka ya yong dus de ba/ dpe khrid la yong dus de ba/__,https://d38pmlk0v88drf.cloudfront.net/wav16k/STT_TT00203_01372.000-01376.550.wav,STT_TT,3,131,4.5499999999999545,wav16k/STT_TT00203_01372.000-01376.550.wav,དེ་འདྲ་ཞིག་སྒང་འགྲོ་ཡ་ཉེན་ཁ་ཡོད་རེད་ད། ཁྱེད་རང་ཚོས་དགོངས་པ་བཞེས་ཤོག་ཨ། དེ་ཆོས་ཚུར་ཉན་ག་ཡོང་དུས་དེ་བ། དཔེ་ཁྲིད་ལ་ཡོང་དུས་དེ་བ།
STT_TT00203_01376.750-01379.100,ཏིས་སི་སེ་ཞིག སྔ་མ་དཱ་མ་འདྲ་བ། དད་པ་ཆེ་རུ་འདྲ་ཞིག་དཱ།  ,tis si se zhig_snga ma dA ma 'dra ba/_dad pa che ru 'dra zhig dA/__,https://d38pmlk0v88drf.cloudfront.net/wav16k/STT_TT00203_01376.750-01379.100.wav,STT_TT,3,55,2.349999999999909,wav16k/STT_TT00203_01376.750-01379.100.wav,ཏིག་སི་ཅིག་སྔ་མ་དང་མ་འདྲ་བི་དད་པ་ཆེ་རུ་འདྲ་ཞིག་དང་།
STT_TT00203_01379.450-01381.650,ཆོས་ལ་དགའ་སྣང་འདྲ་ཞིག ཆེ་རུ་འདྲ་ཞིག་ཕྱིན་འདུག ,chos la dga' snang 'dra zhig_che ru 'dra zhig phyin 'dug_,https://d38pmlk0v88drf.cloudfront.net/wav16k/STT_TT00203_01379.450-01381.650.wav,STT_TT,3,46,2.200000000000045,wav16k/STT_TT00203_01379.450-01381.650.wav,ཆོས་ལ་དགའ་སྣང་འདྲ་ཞིག་ཆེ་རུ་འདྲ་ཞིག་ཕྱིན་འདུག
STT_TT00203_01381.850-01385.250,ཅིག་ད་ག་སེ་ཞིག སྣང་བ་སྐྱིད་སྐྱིད་ཞིག་ད། དེ་འདྲ་ཞིག་གི་ཐོག་ནས། སླེབས་འདུག ཅིག་བྱས་ཡོང་དུས་དེ་བ།  ,cig da ga se zhig_snang ba skyid skyid zhig da/_de 'dra zhig gi thog nas/_slebs 'dug_cig byas yong dus de ba/__,https://d38pmlk0v88drf.cloudfront.net/wav16k/STT_TT00203_01381.850-01385.250.wav,STT_TT,3,96,3.400000000000091,wav16k/STT_TT00203_01381.850-01385.250.wav,ཅིག་ད་ག་ཅིག་སྣང་བ་སྐྱིད་སྐྱིད་ཅིག་ད། དེ་འདྲ་ཞིག་གི་ཐོག་ནས་སླེབས་འདུག ཅིག་བྱསད་ཡོང་དུས་དེ་བ།
STT_TT00203_01385.500-01388.150,སྣང་བ་སྐྱིད་སྐྱིད་འདྲ་ཞིག་ཐོག་ནས། སླེབས་ཡོང་དུས་ནི། ཏིས་སི་འདྲལ་བསྡད་ཡོད་རེད་དཱ།  ,snang ba skyid skyid 'dra zhig thog nas/_slebs yong dus ni/_tis si 'dral bsdad yod red dA/__,https://d38pmlk0v88drf.cloudfront.net/wav16k/STT_TT00203_01385.500-01388.150.wav,STT_TT,3,82,2.650000000000091,wav16k/STT_TT00203_01385.500-01388.150.wav,སྣང་བ་སྐྱིད་རྒྱུ་འདྲ་ཞིག་ཐོག་ནས་སླེབ་ཡོང་དུས་ན། ཏིག་ཙི་བྲེབ་བསྡད་ཡོད་རེད་དཱ།
STT_TT00203_01388.650-01391.450,ཆོས་རྫས་ཆོས་ཀི་མ་བཏུལ། མར་ཁུ་མར་གི་མ་བཏུལ། ཟེར་ཡ། འདི་སྒང་ལ་ཕྱིན་པ་རེད།  ,chos rdzas chos ki ma btul/_mar khu mar gi ma btul/_zer ya/_'di sgang la phyin pa red/__,https://d38pmlk0v88drf.cloudfront.net/wav16k/STT_TT00203_01388.650-01391.450.wav,STT_TT,3,73,2.7999999999999545,wav16k/STT_TT00203_01388.650-01391.450.wav,ཆོས་བྲས་ཆོས་ཀི་མ་ཐུལ། མར་གོ་མར་གྱི་མ་དུལ་ཟེར་འདི་སྒང་ལ་ཕྱིན་པ་རེད།
STT_TT00203_01391.600-01394.300,ད་འདི། ང་ཚོ་ཡིན་གཅིག་མིན་གཅིག་གི གྲྭ་བ་ཨ་ནེ་གཅིག་པུ་ལ། ལབ་དགོས་ཡ་ཅ་ཡོད་མ་རེད་དཱ།  ,da 'di/_nga tsho yin gcig min gcig gi_grwa ba a ne gcig pu la/_lab dgos ya ca yod ma red dA/__,https://d38pmlk0v88drf.cloudfront.net/wav16k/STT_TT00203_01391.600-01394.300.wav,STT_TT,3,82,2.700000000000045,wav16k/STT_TT00203_01391.600-01394.300.wav,ད་འདི་ང་ཚོ་ཡིན་གཅིག་མིན་གཅིག་གི་གྲྭ་བ་ཨ་ནེ་གཅིག་པོ་ལབ་དགོས་ཡ་ཅང་ཡོད་མ་རེད་དཱ།
STT_TT00203_01394.650-01398.400,ཁྱིམ་པ་མི་ནག་ཡིན་ན་ལས། ཆོས་མང་པོ་ཉན། ཆོས་མང་པོ་ཉན། གང་འཚམ་ཞིག་ནས། ཆོས་ཀི།  ,khyim pa mi nag yin na las/_chos mang po nyan/_chos mang po nyan/_gang 'tsham zhig nas/_chos ki/__,https://d38pmlk0v88drf.cloudfront.net/wav16k/STT_TT00203_01394.650-01398.400.wav,STT_TT,3,75,3.75,wav16k/STT_TT00203_01394.650-01398.400.wav,ཁྱིམ་པ་མི་ནག་ཡིན་ན་ལས། ཆོས་མང་པོ་ཉན། ཆོས་མང་པོ་ཉན། གང་འཚམ་ཅིག་ནས་ཆོས་ཀི
STT_TT00203_01398.750-01400.850,ཨེ་ནས། ཆོས་ག་ཚོད་ཉན། ཆོས་ག་ཚོད་བཤད་བྱས་ན་ལས།  ,e nas/_chos ga tshod nyan/_chos ga tshod bshad byas na las/__,https://d38pmlk0v88drf.cloudfront.net/wav16k/STT_TT00203_01398.750-01400.850.wav,STT_TT,3,46,2.099999999999909,wav16k/STT_TT00203_01398.750-01400.850.wav,ཨེ་ནས། ཆོས་ག་ཚོད་ཉན། ཆོས་ག་ཚོད་བཤད་བཞག་ན་ལས།
STT_TT00203_01401.000-01403.500,ཕན་ཁྱོན་ནས་མ་ཐོབ་ངེ་། བཟོ་ལྟ་ཁྱོན་ནས་མ་འཐོན་ངེ་ཞིག ཡོང་ཆོག་གི་ཡོད་རེད་བ།  ,phan khyon nas ma thob nge /_bzo lta khyon nas ma 'thon nge zhig_yong chog gi yod red ba/__,https://d38pmlk0v88drf.cloudfront.net/wav16k/STT_TT00203_01401.000-01403.500.wav,STT_TT,3,74,2.5,wav16k/STT_TT00203_01401.000-01403.500.wav,ཕན་ཁྱོན་ནས་མ་ཐོགས་ངེ། བཟོ་ལྟ་རཁྱོན་ནས་མ་ཐོན་ངེ་ཅིག་ཡོང་ཆོག་གི་ཡོད་རེད་བ།
STT_TT00203_01403.750-01404.700,དེ་ལ་ཡ། ཆོས་ཁྲེལ་ཆོས་ ,de la ya/_chos khrel chos _,https://d38pmlk0v88drf.cloudfront.net/wav16k/STT_TT00203_01403.750-01404.700.wav,STT_TT,3,22,0.9500000000000456,wav16k/STT_TT00203_01403.750-01404.700.wav,དེ་ལ་ཡ་ཆོས་དྲེ་ཆོས།
STT_TT00203_01405.050-01405.750,མ་ཐུལ་བ་ཞིག ,ma thul ba zhig_,https://d38pmlk0v88drf.cloudfront.net/wav16k/STT_TT00203_01405.050-01405.750.wav,STT_TT,3,12,0.7000000000000455,wav16k/STT_TT00203_01405.050-01405.750.wav,མ་ཐུལ་།
STT_TT00203_01407.300-01412.650,འདི་སོང་ཙང་། ད་འདི་ལེའུ་གསུམ་པ་འདི་ནང་ལ། བྱང་ཆུབ་ཀི་སེམས་ཡོངས་སུ་བཟུང་བ། ད་ཡིན་ནའང་། ང་ཚོ་ད་ལྟ་འདི། བཅོས་མ་འདྲ་ཞིག་དཱ། བཟོ་ལྟ་འདྲ་ཞིག ཕལ་ཆེར་ང་ཚོ།  ,'di song tsang /_da 'di le'u gsum pa 'di nang la/_byang chub ki sems yongs su bzung ba/_da yin na'ang /_nga tsho da lta 'di/_bcos ma 'dra zhig dA/_bzo lta 'dra zhig_phal cher nga tsho/__,https://d38pmlk0v88drf.cloudfront.net/wav16k/STT_TT00203_01407.300-01412.650.wav,STT_TT,3,148,5.350000000000136,wav16k/STT_TT00203_01407.300-01412.650.wav,དེ་སོང་ཙང་། ད་འདི་ལེའུ་གསུམ་པ་འདི་ནང་ལ། བྱང་ཆུབ་ཀི་སེམས་ཡོངས་སུ་བཟུངས། ད་ཡིན་ནའ་། ང་ཚོ་ད་ལྟ་འདི། བཅོས་མ་འདྲ་ཅིག་དང། བཟོ་ལྟ་འདྲ་ཅིག་ཕལ་ཆེར་ང་ཚོ།
STT_TT00203_01413.700-01415.650,ག་རེ་ཟེར་ན། འདའ་ཉིན་ང་ཚོ། ལེའུ་གསུམ་པའི་ཁ་ཐུག་སླེབས་ཡོང་དུས་དེ་བ།  ,ga re zer na/_'da' nyin nga tsho/_le'u gsum pa'i kha thug slebs yong dus de ba/__,https://d38pmlk0v88drf.cloudfront.net/wav16k/STT_TT00203_01413.700-01415.650.wav,STT_TT,3,67,1.9500000000000453,wav16k/STT_TT00203_01413.700-01415.650.wav,ག་རེ་ཟེར་ན། དའ་ཉིན་ང་ཚོ་ལེའུ་གསུམ་པའི་ཁ་ཐུག་ལ་སླེབས་ཡོང་དུས་དེ་བ།
STT_TT00203_01416.050-01416.800,བྱང་ཆུབ་ཀི་སེམས།  ,byang chub ki sems/__,https://d38pmlk0v88drf.cloudfront.net/wav16k/STT_TT00203_01416.050-01416.800.wav,STT_TT,3,18,0.75,wav16k/STT_TT00203_01416.050-01416.800.wav,བྱང་ཆུབ་ཀི་སེམས་
STT_TT00203_01417.050-01420.600,ཨེ་ནས། ཐོག་ཡ་གེ བླ་མ་རྒྱལ་བ་སྲས་བཅས་རྣམས། བདག་ལ་དགོངས་པ་མཛད་དུ་གསོལ། ཇི་ལྟར་སྔོན་གྱིས་དེ་གཤེགས་ཟེར་ནས་མ།  ,e nas/_thog ya ge_bla ma rgyal ba sras bcas rnams/_bdag la dgongs pa mdzad du gsol/_ji ltar sngon gyis de gshegs zer nas ma/__,https://d38pmlk0v88drf.cloudfront.net/wav16k/STT_TT00203_01417.050-01420.600.wav,STT_TT,3,106,3.5499999999999545,wav16k/STT_TT00203_01417.050-01420.600.wav,ཨེ་ནས། ཡ་གི་ལྟག་ཡ་གི བླ་མ་རྒྱལ་བ་སྲས་བཅན་རྣམས། བདག་ལ་དགོངས་པ་མཛལ་དུ་མཛལ། ཇི་ལྟར་སྔོན་གི་བདེ་གཤེགས་ཀྱིས། ཟེར་ནས་མ།
STT_TT00203_01420.900-01422.800,ད་བླ་མ་རྒྱལ་བ་སྲས་བཅས་རྣམས། བདག་ལ་དགོངས་པ་མཛད་དུ་གསོལ་ཟེར་དུས།  ,da bla ma rgyal ba sras bcas rnams/_bdag la dgongs pa mdzad du gsol zer dus/__,https://d38pmlk0v88drf.cloudfront.net/wav16k/STT_TT00203_01420.900-01422.800.wav,STT_TT,3,64,1.899999999999864,wav16k/STT_TT00203_01420.900-01422.800.wav,ད་བླ་མ་རྒྱལ་བ་སྲས་སྲི་རྣམས། བདག་ལ་དགོངས་པར་བྱས་ས་ཟེར་ེར་ན།
STT_TT00203_01423.000-01426.950,པཎ་ཆེན་བློ་བཟང་ཆོས་རྒྱལ་གིས་གསུངས་རྒྱོ་རེད། ཨེ་ནས། ཇི་ལྟར་སྔོན་གིས་དེ་གཤེགས་ཀིས། ཟེར་ཡ་འདི། ད་ལྟ་ང་ཚོའི་ལེའུ་གསུམ་པའི་འདི་ནང་དེ།  ,paN chen blo bzang chos rgyal gis gsungs rgyo red/_e nas/_ji ltar sngon gis de gshegs kis/_zer ya 'di/_da lta nga tsho'i le'u gsum pa'i 'di nang de/__,https://d38pmlk0v88drf.cloudfront.net/wav16k/STT_TT00203_01423.000-01426.950.wav,STT_TT,3,130,3.9500000000000455,wav16k/STT_TT00203_01423.000-01426.950.wav,པཎ་ཆེན་བློ་བཟང་ཆོས་རྒྱལ་གིས་གསུངས་རྒྱོ་རེད། ཨེ་ནས།་ཇི་ལྟར་སྔོན་གི་བདེ་གཤེགས་ཀིག་ཟེར་ཡ་འདི། ད་ལྟ་ང་ཚོ་ལེའུ་གསུམ་པའི་འདིའི་ནང་དེ།
STT_TT00203_01427.400-01428.800,བློ་བྱས་སའི་ཁ་ཐུག་དེ། ཁོ་རང་རང་ཡོང་བསྡད་ཀི་འདུག་གཱ ,blo byas sa'i kha thug de/_kho rang rang yong bsdad ki 'dug gA_,https://d38pmlk0v88drf.cloudfront.net/wav16k/STT_TT00203_01427.400-01428.800.wav,STT_TT,3,51,1.3999999999998636,wav16k/STT_TT00203_01427.400-01428.800.wav,ོ་་ཟེད་སའི་ཁ་ཐུག་དེ། ཁོ་རང་རང་ཡོང་བསྡད་ཀི་འདུག
STT_TT00203_01431.400-01433.950,ང་ཚོ་ནམ་རྒྱུན། དུས་རྒྱུན་དུ་ཕྱིན་དྲུག་སྐྱོར་དུས་དེ་བ། བཅུག་འདི་འདི་ནང་ལ་སླེབས་བསྡད་ཀི།  ,nga tsho nam rgyun/_dus rgyun du phyin drug skyor dus de ba/_bcug 'di 'di nang la slebs bsdad ki/__,https://d38pmlk0v88drf.cloudfront.net/wav16k/STT_TT00203_01431.400-01433.950.wav,STT_TT,3,88,2.5499999999999545,wav16k/STT_TT00203_01431.400-01433.950.wav,ང་ཚོ་ནམ་རྒྱུན།་དུས་རྒྱུན་དུ། ཐུན་དྲུག་སྐྱོར་དུས་དེ་བ། གཙུག་དེ་འདིའི་ནང་ལ་སླེབས་བསྡད་ཀི
STT_TT00203_01436.300-01442.500,ཨེ་ནས། ང་ཚོ་དབང་དེ་འདྲ་ཞུས། འོ་ད་དེ་བ། སྙེན་པ་ལས་རུང་གི་དེ་འདྲ་གི་ཅིག རྗེས་གནང་དེ་འདྲ་ཞུས་བཞག་ན། བྱིན་རླབས་རྗེས་གནང་དེ་འདྲ་ཞུས་བཞག་ན།  ,e nas/_nga tsho dbang de 'dra zhus/_'o da de ba/_snyen pa las rung gi de 'dra gi cig_rjes gnang de 'dra zhus bzhag na/_byin rlabs rjes gnang de 'dra zhus bzhag na/__,https://d38pmlk0v88drf.cloudfront.net/wav16k/STT_TT00203_01436.300-01442.500.wav,STT_TT,3,135,6.2000000000000455,wav16k/STT_TT00203_01436.300-01442.500.wav,ཨེ་ནས། ང་ཚོ་ དབང་དེ་འདྲ་ཞུས། འོ་ད་དེ་བ་སྔེན་པ་ལས་རིང་ག་དེ་འདྲ་གི་ཅིག་རྗེས་གནང་དེ་འདྲ་ཞུས་བཞག་ན། བྱིན་རླབས་རྗེས་གནང་དེ་འདྲ་ཞུས་བཞག་ན།
STT_TT00203_01434.550-01435.800,འོ་ད་འདི། བྱང་ཆུབ་ཀི་སེམས་ཡོངས་སུ་བཟུང་བ།  ,'o da 'di/_byang chub ki sems yongs su bzung ba/__,https://d38pmlk0v88drf.cloudfront.net/wav16k/STT_TT00203_01434.550-01435.800.wav,STT_TT,3,43,1.25,wav16k/STT_TT00203_01434.550-01435.800.wav,འོ་ད་འདི་བྱང་ཆུབ་ཀི་སེམས་ཡོངས་སུ་བཟུང་།
STT_TT00203_01442.650-01446.400,བྱང་ཆུབ་ཀི་སེམས་ཉིན་ལན་གསུམ་དཱ། མཚན་ལན་གསུམ་དུ་བསྐྱང་དགོས་ཡ་ཞིག ང་ཚོའི་དམ་ཚིག་ཁོ་རང་ནང་ལ་ཡོད་རེད།  ,byang chub ki sems nyin lan gsum dA/_mtshan lan gsum du bskyang dgos ya zhig_nga tsho'i dam tshig kho rang nang la yod red/__,https://d38pmlk0v88drf.cloudfront.net/wav16k/STT_TT00203_01442.650-01446.400.wav,STT_TT,3,99,3.75,wav16k/STT_TT00203_01442.650-01446.400.wav,བྱང་ཆུབ་ཀི་སེམས་ཉེ་རིན་གསུམ་དང་། མཚན་ལན་གསུམ་དུ་བསྐྱང་དགོས་ཡ་ཅིག ང་ཚོ་དམ་ཚིག་ཁོ་ང་ནང་ལ་ཡོད་རེད་བ།
STT_TT00203_01446.750-01449.000,ད་འདྲ་ག་གེ་བསམ་བློ་གཏང་མ་ཐུབ་ཡིན་ནའང་། དམ་ཉམས་ཞིག ,da 'dra ga ge bsam blo gtang ma thub yin na'ang /_dam nyams zhig_,https://d38pmlk0v88drf.cloudfront.net/wav16k/STT_TT00203_01446.750-01449.000.wav,STT_TT,3,50,2.25,wav16k/STT_TT00203_01446.750-01449.000.wav,དེ་འདྲ་ག་གེ་བསམ་བློ་གཏང་མ་ཐུབ་པ་ཡིན་ན། དམ་ཉང་ཞེ
STT_TT00203_01453.400-01464.800,ཁོང་གི་ག་རེ་གསུངས་ཀི་ཡོད་རེད་ཟེར་ལབ་ཡོང་དུས། དམ་ཉམས་འདྲེ་འཁྱེར། གསུངས་ཀི་ཡོད་རེད། ད་དབང་གཅིག་ཞུས། ལག་ལེན་སྟར་མ་ཐུབ་པ་བྱས། གཅིག་ཞུས། ལག་ལེན་སྟར་མ་ཐུབ་པ་བྱས། དེ་འདྲ་གྲས་ཀ་འདི། ག་འདྲ་ཞིག་རེད་ཟེར་ལབ་དུས་འདུག་གཱ ང་ཚོས་བརྒྱ་བཞི་བརྒྱབ་དུས་འདུག་གཱ ཀླུད་ཟེར་ནས། ཅིག་གཡུག་ཡ་འདུག་གཱ ,khong gi ga re gsungs ki yod red zer lab yong dus/_dam nyams 'dre 'khyer/_gsungs ki yod red/_da dbang gcig zhus/_lag len star ma thub pa byas/_gcig zhus/_lag len star ma thub pa byas/_de 'dra gras ka 'di/_ga 'dra zhig red zer lab dus 'dug gA_nga tshos brgya bzhi brgyab dus 'dug gA_klud zer nas/_cig g.yug ya 'dug gA_,https://d38pmlk0v88drf.cloudfront.net/wav16k/STT_TT00203_01453.400-01464.800.wav,STT_TT,3,272,11.399999999999864,wav16k/STT_TT00203_01453.400-01464.800.wav,ཁོང་གིས་ག་རེ་གསུང་གི་ཡོད་རེད་ཟེ་ལབ་ཡོང་དུས། དམ་ཉམས་འདྲེས་ཁྱེར་གསུང་གི་ཡོད་རེད། ད་དབང་ཅིག་ཞུས། ལབ་ལེན་བཏང་མ་ཐུབ་པ་ཅིག་ཅིག་ཞུས། ལག་ལེན་བཏང་མ་ཐུབ་པ། དེ་འདྲའ་འབྲས་ཀ་དེ། ག་འདྲ་ཞིག་རེད་ཟེ་ལབ་དུས་དེ་བ། ང་ཚོ་རྒྱབ་ཞུ་རྒྱག་དུས་དེ་བ། ཀླུས་བྱས་ནས་ཅིག་གཡུག་ཡ་འདུག་ག
STT_TT00203_01465.300-01467.350,འདི་ཟོལ་འདྲ་ཞིག་མ་གཏོགས། ད་ག་གེ་ཞིག་ཕན་ཐོགས་ཀི་མ་རེད། གསུངས་པ་རེད།  ,'di zol 'dra zhig ma gtogs/_da ga ge zhig phan thogs ki ma red/_gsungs pa red/__,https://d38pmlk0v88drf.cloudfront.net/wav16k/STT_TT00203_01465.300-01467.350.wav,STT_TT,3,68,2.0499999999999545,wav16k/STT_TT00203_01465.300-01467.350.wav,འདིའི་ཟོལ་འདྲ་ཅིག་མ་གཏོགས།་ད་ག་གེ་ཅིག་ཕན་ཐོགས་ཀི་མ་རེད་གསུངས་པ་ད།
STT_TT00203_01467.700-01468.650,ཁོ་ལ་འདྲེ་ལ་སྟེར་ཡ་གི་མི་ཞིག་ཆགས།  ,kho la 'dre la ster ya gi mi zhig chags/__,https://d38pmlk0v88drf.cloudfront.net/wav16k/STT_TT00203_01467.700-01468.650.wav,STT_TT,3,35,0.9500000000000456,wav16k/STT_TT00203_01467.700-01468.650.wav,ཁོ་འདྲེ་ལ་སྟེར་ཡ་གི་མི་ཆགས།
STT_TT00203_01469.400-01470.950,དམ་ཉམས་འདྲེ་འཁྱེར་ཟེར་ཡ་འདི། འོ་ད་འདི་རེད།  ,dam nyams 'dre 'khyer zer ya 'di/_'o da 'di red/__,https://d38pmlk0v88drf.cloudfront.net/wav16k/STT_TT00203_01469.400-01470.950.wav,STT_TT,3,44,1.5499999999999543,wav16k/STT_TT00203_01469.400-01470.950.wav,བམ་ཉམས་འདྲེས་འཁྱེར། ཟེར་ཡ་འདི། འོ་ད་འདི་རེད།
STT_TT00203_01471.250-01474.800,ང་ཚོས་ཀླུའི་འཛང་རྒྱུ་ཟེར་དུས་འདུག་གཱ ད་མི་ནང་ནས་སྡུག་ཤོས་ནང་གི་སྡུག་ཤོས ,nga tshos klu'i 'dzang rgyu zer dus 'dug gA_da mi nang nas sdug shos nang gi sdug shos_,https://d38pmlk0v88drf.cloudfront.net/wav16k/STT_TT00203_01471.250-01474.800.wav,STT_TT,3,72,3.5499999999999545,wav16k/STT_TT00203_01471.250-01474.800.wav,ང་ཚོས་ཀླུད་ལ་འཛམ་རྒྱུ་ཟེར་དུས་དེ་བ། ད་མིའི་ནང་ནས། སྡུག་ཤོས་ནང་གི་སྡུག་ཤོས།
STT_TT00203_01475.000-01479.850,ད་ལབ་ནའང་ཉན་རྒྱུ་མེད་པ། བསམ་བློ་འཁོར་རྒྱུ་མེད་པ། ཞེ་བོ་ཞིག་ལ་ཡ། མི་ཟེར་དུས། ཀླུ་གི་ཟོལ་འདྲ་ཞིག་འདུག་ཟེར་ཡ་འདི། འོ་འདུག་སེ་ལབ།  ,da lab na'ang nyan rgyu med pa/_bsam blo 'khor rgyu med pa/_zhe bo zhig la ya/_mi zer dus/_klu gi zol 'dra zhig 'dug zer ya 'di/_'o 'dug se lab/__,https://d38pmlk0v88drf.cloudfront.net/wav16k/STT_TT00203_01475.000-01479.850.wav,STT_TT,3,127,4.849999999999909,wav16k/STT_TT00203_01475.000-01479.850.wav,ད་ལབ་ནི་ཉན་རྒྱུ་མེད་པ། བསམ་བློ་འཁོར་རྒྱུ་མེད་པ། ཞེ་བོ་ཞིག་ལ་ཡ། མི་ཟེར་དུས། ཀླུས་ཀི་ཟོལ་ཞིག་འདུག་ཟེ་ཡ་འདི། འོ་འདུག་སེ་ལབ།
STT_TT00203_01480.150-01482.600,ད་ང་ཚོ། ཀླུ་ལ་སྟེར་ཡ་གི་མི་ཟོལ་འདྲ་ཞིག ད་དེ་འདྲ་བྱེད་རྒྱུ་ཡོད་མ་རེད་དཱ།  ,da nga tsho/_klu la ster ya gi mi zol 'dra zhig_da de 'dra byed rgyu yod ma red dA/__,https://d38pmlk0v88drf.cloudfront.net/wav16k/STT_TT00203_01480.150-01482.600.wav,STT_TT,3,73,2.449999999999818,wav16k/STT_TT00203_01480.150-01482.600.wav,ད་ང་ཚོ་ཀླུས་ལ་སྟེར་ཡ་གི་མི་ཟོལཞིག ད་དེ་འདྲ་བྱེད་རྒྱུ་ཡོད་མ་རེད་དཱ།
STT_TT00203_01483.000-01483.950,ཕྲན་བུའི་བསམ་བློ་གཏང་དགོས་ཀི།  ,phran bu'i bsam blo gtang dgos ki/__,https://d38pmlk0v88drf.cloudfront.net/wav16k/STT_TT00203_01483.000-01483.950.wav,STT_TT,3,31,0.9500000000000456,wav16k/STT_TT00203_01483.000-01483.950.wav,ཕྲན་བིུ་བསམ་བློ་གཏང་དགོས
STT_TT00203_01484.350-01487.800,སྔ་མ་གྲུབ་ཁང་དགེ་ལེགས་རྒྱ་མཚོ། བླ་མ་ཡག་པོ་ཞེ་བོ་ཞིག་ཕྱིན་པ་རེད་པ། ལམ་རིམ་གི་དོ།  ,snga ma grub khang dge legs rgya mtsho/_bla ma yag po zhe bo zhig phyin pa red pa/_lam rim gi do/__,https://d38pmlk0v88drf.cloudfront.net/wav16k/STT_TT00203_01484.350-01487.800.wav,STT_TT,3,81,3.450000000000045,wav16k/STT_TT00203_01484.350-01487.800.wav,སྔ་མོ་སྒྲུབ་ཁང་དགེ་ལེགས་རྒྱ་མཚོ། བླ་མ་ཡག་པོ་ཞེ་བོ་བྱུན་པ་རེད་བ། ལམ་རིམ་གི་དོ
STT_TT00203_01488.350-01493.600,ད་ཅིག བླ་མ་ད་དངོས་གནས་དཔེ། ང་ཚོ་ཕལ་ཆེར་རི་བོ་དགེ་ལུགས་པ་ཡིན་ཚར་པའི་གཞུག་གུ ད་གྲུབ་དབང་དགེ་ལེགས་རྒྱ་མཚོ་སྐུ་མདུན་ལ་མ་ཐུག་པ། ཧ་ལམ་ཡོད་ཀི་མ་རེད ,da cig_bla ma da dngos gnas dpe/_nga tsho phal cher ri bo dge lugs pa yin tshar pa'i gzhug gu_da grub dbang dge legs rgya mtsho sku mdun la ma thug pa/_ha lam yod ki ma red_,https://d38pmlk0v88drf.cloudfront.net/wav16k/STT_TT00203_01488.350-01493.600.wav,STT_TT,3,141,5.25,wav16k/STT_TT00203_01488.350-01493.600.wav,ཅིག་བླ་མ་ད་དངོས་གནས་དཔེ། ང་ཚོ་ཕལ་ཆེར་རི་བོ་དགེ་ལུགས་པ་ཡིན་ཚར་བའི་གཞུག་གུ ད་འགྲོ་བ་དགེ་ལུགས་བརྒྱ་མཚོའི་སྐུ་མདུན་ལ་མ་ཐུག་པ་ཧ་ལམ་ཡོད་རྒྱུ་མ་རེད།
STT_TT00203_01493.800-01495.300,སློབ་མ་མ་ཡིན་པ། སྤྱིང་བཏང་ཡོད་རྒྱུ་མ་རེད།  ,slob ma ma yin pa/_spying btang yod rgyu ma red/__,https://d38pmlk0v88drf.cloudfront.net/wav16k/STT_TT00203_01493.800-01495.300.wav,STT_TT,3,43,1.5,wav16k/STT_TT00203_01493.800-01495.300.wav,སློབ་མ་མ་ཡིན་པ། སྤྱིར་བཏང་ཡོད་རྒྱུ་མ་རེད།
STT_TT00203_01495.650-01497.250,བླ་མ་བསམ་གི་མི་ཁྱབ་པ། ཞེ་བོ་ཞིག་བྱུང་འདུག་གཱ ,bla ma bsam gi mi khyab pa/_zhe bo zhig byung 'dug gA_,https://d38pmlk0v88drf.cloudfront.net/wav16k/STT_TT00203_01495.650-01497.250.wav,STT_TT,3,45,1.599999999999909,wav16k/STT_TT00203_01495.650-01497.250.wav,བླ་མ་བསམ་གྱིས་མི་ཁྱབ་པ་ཞེ་བོ་ཅིག་བྱུང་འདུག་ག
STT_TT00203_01503.100-01506.350,ཞུས་དག་གནང་གི་འདུག་གཱ འོ་དེ་རིང་ངས་དགེ་སྦྱོར་ག་ཚོད་བྱས་འདུག སྡིག་པ་ག་རེ་བསགས།  ,zhus dag gnang gi 'dug gA_'o de ring ngas dge sbyor ga tshod byas 'dug_sdig pa ga re bsags/__,https://d38pmlk0v88drf.cloudfront.net/wav16k/STT_TT00203_01503.100-01506.350.wav,STT_TT,3,79,3.25,wav16k/STT_TT00203_01503.100-01506.350.wav,ཞུ་དག་གནང་གི་འདུག་ག འོ་དེ་རིང་ངས་དགེ་སྦྱོར་ག་ཚོད་བྱས་འདུག སྡིག་པ་ག་རེ་བསགས།
STT_TT00203_01507.050-01508.550,ཨེ་ནས། ཅིག་སྡིག་པ་དེ་འདྲ་བསགས་འདུག་ན། ཕ།  ,e nas/_cig sdig pa de 'dra bsags 'dug na/_pha/__,https://d38pmlk0v88drf.cloudfront.net/wav16k/STT_TT00203_01507.050-01508.550.wav,STT_TT,3,42,1.5,wav16k/STT_TT00203_01507.050-01508.550.wav,ཨེ་ནས་ཅིགསྡིག་པ་དེ་འདྲ་བསགས་འདུག་ན། ཕ།
STT_TT00203_01508.900-01509.750,ཁྲུས་བྱས། བཤགས་སྡོམ་བྱས།  ,khrus byas/_bshags sdom byas/__,https://d38pmlk0v88drf.cloudfront.net/wav16k/STT_TT00203_01508.900-01509.750.wav,STT_TT,3,26,0.849999999999909,wav16k/STT_TT00203_01508.900-01509.750.wav,ུ་བྱས། བཤགས་སྡོམ་བྱས།
STT_TT00203_01510.150-01511.450,ཕྱིན་ཆད་ནམ་ཡང་མི་བྱེད་བསམ་བསམ།  ,phyin chad nam yang mi byed bsam bsam/__,https://d38pmlk0v88drf.cloudfront.net/wav16k/STT_TT00203_01510.150-01511.450.wav,STT_TT,3,32,1.2999999999999543,wav16k/STT_TT00203_01510.150-01511.450.wav,ཕྱིས་བྱུང་ནམ་ཡང་མི་བྱེད་བསམ་བསམ།
STT_TT00203_01511.700-01512.250,དེ་འདྲ་དགུ་སྒོམ།  ,de 'dra dgu sgom/__,https://d38pmlk0v88drf.cloudfront.net/wav16k/STT_TT00203_01511.700-01512.250.wav,STT_TT,3,18,0.5499999999999545,wav16k/STT_TT00203_01511.700-01512.250.wav,དེ་འདྲ་གི་དགོན།
STT_TT00203_01512.850-01515.150,དགེ་སྦྱོར་དེ་འདྲ་བྱས་འདུག་ན་ནི། དགའ་ཚོར་སྒོམ། བསྟོད་བསྔགས།  ,dge sbyor de 'dra byas 'dug na ni/_dga' tshor sgom/_bstod bsngags/__,https://d38pmlk0v88drf.cloudfront.net/wav16k/STT_TT00203_01512.850-01515.150.wav,STT_TT,3,60,2.300000000000182,wav16k/STT_TT00203_01512.850-01515.150.wav,དགེ་སྦྱོར་དེ་འདྲ་བྱས་འདུག་ན་ནི། དགའ་ཚོར་སྒོམ། བསྟོད་བསྔགས།
STT_TT00203_01515.550-01517.150,སང་ཉིན་ཡིན་ན་ལས། མུ་མཐུད་ད་ག་རང་ཡིན་དཱ་བྱས།  ,sang nyin yin na las/_mu mthud da ga rang yin dA byas/__,https://d38pmlk0v88drf.cloudfront.net/wav16k/STT_TT00203_01515.550-01517.150.wav,STT_TT,3,45,1.6000000000001364,wav16k/STT_TT00203_01515.550-01517.150.wav,སང་ཉིན་ཡིན་ན་ལས། མུ་མཐུད་ད་ག་རང་ཡིན་དཱ་།
STT_TT00203_01517.750-01518.400,དེ་འདྲ་གི་ཐོག་ནས།  ,de 'dra gi thog nas/__,https://d38pmlk0v88drf.cloudfront.net/wav16k/STT_TT00203_01517.750-01518.400.wav,STT_TT,3,19,0.650000000000091,wav16k/STT_TT00203_01517.750-01518.400.wav,དེ་འདྲ་གི་ཐོག་ནས།
STT_TT00203_01520.050-01523.800,ཨེ་ནས་དེ་འདྲ་གི་ཐོག་ནས། ཕྱིར་བཅོས་དེ་འདྲ་ཆ་ཚང་མ། དགེ་ཚུལ་ཡིན་ན། དགེ་ཚུལ་གི་ཕྱིར་བཅོས། དགེ་སློང་ཡིན་ན། དགེ་སློང་གི་ཕྱིར་བཅོས།  ,e nas de 'dra gi thog nas/_phyir bcos de 'dra cha tshang ma/_dge tshul yin na/_dge tshul gi phyir bcos/_dge slong yin na/_dge slong gi phyir bcos/__,https://d38pmlk0v88drf.cloudfront.net/wav16k/STT_TT00203_01520.050-01523.800.wav,STT_TT,3,126,3.75,wav16k/STT_TT00203_01520.050-01523.800.wav,ཨ་དེ་འདྲ་གི་ཐོག་ནས། ཕྱི་སྤྱོས་དེ་འདྲ ཆ་ཚང་མ།་དགེ་ཚུལ་ཡིན་ན། དགེ་ཚུལ་གི་ཕྱི་ྱོས། དགེ་སློང་ཡིན་ན་དགེ་སློང་གི་ྱ་ོ
STT_TT00203_01524.000-01526.450,སྔགས་ཀི་ཡིན་ན། སྔགས་ཀི་ཕྱིར་བཅོས། བྱང་སེམས་ཡིན་ན། བྱང་སེམས་ཀི་ཕྱིར་བཅོས་འདི་གས།  ,sngags ki yin na/_sngags ki phyir bcos/_byang sems yin na/_byang sems ki phyir bcos 'di gas/__,https://d38pmlk0v88drf.cloudfront.net/wav16k/STT_TT00203_01524.000-01526.450.wav,STT_TT,3,81,2.450000000000045,wav16k/STT_TT00203_01524.000-01526.450.wav,སྔགས་ཀི་ཡིན་ན། སྔགས་ཀི་ཕྱེད་ྱོད། བྱང་ས་ཡིན་ན། བྱང་སེམས་ཀི་ཕྱེད་ྱོད་འདི་གས།
STT_TT00203_01526.850-01527.800,ཆ་ཚང་མ་གནང་བྱས།  ,cha tshang ma gnang byas/__,https://d38pmlk0v88drf.cloudfront.net/wav16k/STT_TT00203_01526.850-01527.800.wav,STT_TT,3,17,0.9500000000000456,wav16k/STT_TT00203_01526.850-01527.800.wav,ཆ་ཚང་མར་གནང་བྱས།
STT_TT00203_01528.200-01529.450,བློ་བདེ་པོ་བྱས་ནས། གཟིམ་བསྡད་ཀི་འདུག་གཱ ,blo bde po byas nas/_gzim bsdad ki 'dug gA_,https://d38pmlk0v88drf.cloudfront.net/wav16k/STT_TT00203_01528.200-01529.450.wav,STT_TT,3,40,1.25,wav16k/STT_TT00203_01528.200-01529.450.wav,བློ་བདེ་པོ་བྱས་ནས་ཟིན་བསྡད་ཀི་འདུག་ག
STT_TT00203_01529.900-01533.100,དགོངས་པ་ག་རེ་བཞེད་ཀི་ཡོད་རེད་ཟེར་ལབ་ཡོང་དུས་དེ་བ། ང་དོ་དགོང་ཐོག་རྒྱག་གོ་རྒྱག་ལ་འགྲོ་ཀ་བྱས།  ,dgongs pa ga re bzhed ki yod red zer lab yong dus de ba/_nga do dgong thog rgyag go rgyag la 'gro ka byas/__,https://d38pmlk0v88drf.cloudfront.net/wav16k/STT_TT00203_01529.900-01533.100.wav,STT_TT,3,92,3.199999999999818,wav16k/STT_TT00203_01529.900-01533.100.wav,དགོངས་པ་ག་རེ་བཞེས་ཀི་ཡོད་རེད་ཟེ་ལབ་ཡོང་དུས་དེ་བ། ང་དོ་དགོང་ཐོག་རྒྱག་ཁེལ་རྒྱག་ལ་འགྲོ་ག་བྱིན།
STT_TT00203_01533.800-01536.600,སྤྱིར་བཏང་། དོ་དགོང་མ་ཉལ་ཡིན་ན། སང་ཞོགས་ཡར་ལང་གི་རང་དབང་ང་ཡོད་མ་རེད།  ,spyir btang /_do dgong ma nyal yin na/_sang zhogs yar lang gi rang dbang nga yod ma red/__,https://d38pmlk0v88drf.cloudfront.net/wav16k/STT_TT00203_01533.800-01536.600.wav,STT_TT,3,70,2.7999999999999545,wav16k/STT_TT00203_01533.800-01536.600.wav,སྤྱིར་བཏང་དོ་དགོང་མར་ཉལ་བ་ཡིན་ན། སང་ཞོགས་ཡར་ལངས་ཡ རང་དབང་ང་ཡོད་མ་རེད།
STT_TT00203_01537.100-01540.650,ང་ཕར་བཞག་ནས། ང་ཚོ་དེ་སུ་གཅིག་ལས་ཡ། དེ་འདྲ་གི་རང་དབང་ཡོད་རྒྱོ་མི་ཡོད་རྒྱུ་མ་རེད་དཱ།  ,nga phar bzhag nas/_nga tsho de su gcig las ya/_de 'dra gi rang dbang yod rgyo mi yod rgyu ma red dA/__,https://d38pmlk0v88drf.cloudfront.net/wav16k/STT_TT00203_01537.100-01540.650.wav,STT_TT,3,84,3.550000000000182,wav16k/STT_TT00203_01537.100-01540.650.wav,ང་ཕར་བཞག་ནས། ང་ཚོ་དེ་སུ་གཅིག་ལ་། དེ་འདྲ་གི་རང་དབང་ཡོད་རྒྱོ་མི་ཡོད་རྒྱུ་མ་རེད་དཱ།
STT_TT00203_01540.950-01543.550,ད་མི། དགྲ་བཅོམ་པའི་གོ་འཕང་ཐོབ། དཔེ་རྟོགས་པ་ཡོན་ཏན་ཞེ་བོ་ཞིག ,da mi/_dgra bcom pa'i go 'phang thob/_dpe rtogs pa yon tan zhe bo zhig_,https://d38pmlk0v88drf.cloudfront.net/wav16k/STT_TT00203_01540.950-01543.550.wav,STT_TT,3,60,2.599999999999909,wav16k/STT_TT00203_01540.950-01543.550.wav,ད་མི། དགྲ་བཅོམ་པའི་གོ་འཕང་ཐོབ། དཔེ་རྟོགས་པ་ཡོན་ཏན་ཞེ་བོ་ཅིག
STT_TT00203_01016.700-01017.800,སྲང་གང་ཡང་ལོང་གིས་མི་འདུག་ག ,srang gang yang long gis mi 'dug ga_,https://d38pmlk0v88drf.cloudfront.net/wav16k/STT_TT00203_01016.700-01017.800.wav,STT_TT,3,28,1.099999999999909,wav16k/STT_TT00203_01016.700-01017.800.wav,སང་གང་ཡང་ལོང་གི་མི་འདུག་ག
STT_TT00203_01018.450-01019.450,ཨོ་ཙི་ད་དངོས་གནས་ཅིག ,o tsi da dngos gnas cig_,https://d38pmlk0v88drf.cloudfront.net/wav16k/STT_TT00203_01018.450-01019.450.wav,STT_TT,3,21,1.0,wav16k/STT_TT00203_01018.450-01019.450.wav,ཨོ་ཙི།་ད་དངོས་གནས་ཅིག
STT_TT00203_01019.750-01022.600,སྐྱབས་འགྲོ་བྱེད་སྟངས་ཁྱོན་ནས་ཚང་གིས་མི་འདུག་དེ། ཐེབ་ཅག་ཞེ་བོ་ཞིག་སྒང་ལ་ཕྱིན་ཤག ,skyabs 'gro byed stangs khyon nas tshang gis mi 'dug de/_theb cag zhe bo zhig sgang la phyin shag_,https://d38pmlk0v88drf.cloudfront.net/wav16k/STT_TT00203_01019.750-01022.600.wav,STT_TT,3,79,2.8500000000000227,wav16k/STT_TT00203_01019.750-01022.600.wav,སྐྱབས་འགྲོ་བྱེད་སྟངས་ཁྱོན་ནས་འཚམ་གི་མི་འདུག དཔེ་ཐེབས་ཆག་ཞེ་བོ་ཅིག་སྒང་ཕྱིན་ཤག
STT_TT00203_01023.200-01025.250,ཨེ་ནས་སོ་སོའི་ཅིག་ལྟས་བསྡད་དུས། ངོ་ཚ་ངེ་འདྲ་ཞིག ,e nas so so'i cig ltas bsdad dus/_ngo tsha nge 'dra zhig_,https://d38pmlk0v88drf.cloudfront.net/wav16k/STT_TT00203_01023.200-01025.250.wav,STT_TT,3,48,2.0499999999999545,wav16k/STT_TT00203_01023.200-01025.250.wav,ཨེ་ནས། སོ་སོ་སོ་སོ་ཅིག་བལྟས་བསྡད་དུསཡ། ངོ་ཚ་ངེ་གི་ཟལ་
STT_TT00203_01573.750-01576.050,ད་ངས་རྟག་པར་ར་ཞིག་ཞུས་ཀིས་ཡོད་པ། ང་ཚོ་སྐད་ཆ་རྙིང་པ་རྙིང་རྐྱང་ཡིན་པ།  ,da ngas rtag par ra zhig zhus kis yod pa/_nga tsho skad cha rnying pa rnying rkyang yin pa/__,https://d38pmlk0v88drf.cloudfront.net/wav16k/STT_TT00203_01573.750-01576.050.wav,STT_TT,3,69,2.2999999999999545,wav16k/STT_TT00203_01573.750-01576.050.wav,ད་ངའས་རྟག་པ་རེ་ཞིན་ཞུ་གི་ཡོད་པ། ང་ཚོ་སྐད་ཆ་རྙིང་པ་རྙིང་རྐྱང་ཡིན་པ།
STT_TT00203_01576.300-01576.950,བལྡབ་སྐྱོར་རྒྱབ་པའི་ཟོལ་འདྲ་ཞིག ,bldab skyor rgyab pa'i zol 'dra zhig_,https://d38pmlk0v88drf.cloudfront.net/wav16k/STT_TT00203_01576.300-01576.950.wav,STT_TT,3,32,0.650000000000091,wav16k/STT_TT00203_01576.300-01576.950.wav,བྡབ་རྱར་རྱབ་འི་ཟོལ་ཅིག
STT_TT00203_01577.350-01580.000,ང་ཚོའི་མི་ལ་ཡིག་ཚད་རྐྱང་རྐྱང་བཏང་བྱས་སྡོད་རྒྱུ་ཡོད་པ་མ་རེད།  ,nga tsho'i mi la yig tshad rkyang rkyang btang byas sdod rgyu yod pa ma red/__,https://d38pmlk0v88drf.cloudfront.net/wav16k/STT_TT00203_01577.350-01580.000.wav,STT_TT,3,61,2.650000000000091,wav16k/STT_TT00203_01577.350-01580.000.wav,ང་ཚོ་མི་ལ་ཡིག་ཚད་རྐྱང་རྐྱང་བཏང་བྱས། སྡོད་རྒྱུ་ཡོད་མ་རེད།
STT_TT00203_01580.500-01583.800,ནང་གི་ཨ་མ་ཡིན་ན་ལེ། ཕ་བ་དང་བུ་གུ་ཡིག་ཚད་བཏང་བྱས་སྡོད།  ,nang gi a ma yin na le/_pha ba dang bu gu yig tshad btang byas sdod/__,https://d38pmlk0v88drf.cloudfront.net/wav16k/STT_TT00203_01580.500-01583.800.wav,STT_TT,3,55,3.2999999999999545,wav16k/STT_TT00203_01580.500-01583.800.wav,ནང་གི་ཨ་མ་ཡིན་ན་ལས། ག་དུས་ཡིན་ནའ། པ་བ་དང་པུ་གུ་ཡིག་ཚད་བཏང་བྱས་སྡོད།
STT_TT00203_01584.500-01587.200,ཕ་བ་ཡིན་ན་ལེ། ག་དུས་ཡིན་ན་ཨ་མ་དང་བུ་གུར་ཡིག་ཚད་སྡོད་ཡ་གིས་ཟོལ་འདྲ་མ་ཡིན་པ།  ,pha ba yin na le/_ga dus yin na a ma dang bu gur yig tshad sdod ya gis zol 'dra ma yin pa/__,https://d38pmlk0v88drf.cloudfront.net/wav16k/STT_TT00203_01584.500-01587.200.wav,STT_TT,3,76,2.700000000000045,wav16k/STT_TT00203_01584.500-01587.200.wav,པ་བ་ཡིན་ན་ལས། ག་དུས་ཡིན་ནའ། ཨ་མ་དང་པུ་གུ་ཡིག་ཚད་བཏང་བྱས་སྡོད་ཡ་ི་ཟོལ་འདྲ་མ་ཡིན་པ།
STT_TT00203_01587.500-01589.400,མཚམས་མཚམས་སོ་སོའི་ཚུལ་ཁ་ལོག་བྱས།  ,mtshams mtshams so so'i tshul kha log byas/__,https://d38pmlk0v88drf.cloudfront.net/wav16k/STT_TT00203_01587.500-01589.400.wav,STT_TT,3,34,1.900000000000091,wav16k/STT_TT00203_01587.500-01589.400.wav,མཚམས་མཚམས་སོ་སོས་སོ་སོ་ཚུར་ཁ་སལོག་བྱས།
STT_TT00203_01589.950-01594.250,ཡིག་ཚད་རེ་གཏོང་ཐུབ་ན། དེ་ག་ནང་བཞིན་ང་ཚོ་དགེ་འདུན་པ་རྣམ་པ་ཚོ་ཡིན་ན་ལེ། སོ་སོའི་ཡིག་ཚད་གཏོང་དགོས་ཡ་དེ་གལ་ཆེན་པོ་ཞེ་བོ་གཅིག་རེད།  ,yig tshad re gtong thub na/_de ga nang bzhin nga tsho dge 'dun pa rnam pa tsho yin na le/_so so'i yig tshad gtong dgos ya de gal chen po zhe bo gcig red/__,https://d38pmlk0v88drf.cloudfront.net/wav16k/STT_TT00203_01589.950-01594.250.wav,STT_TT,3,127,4.2999999999999545,wav16k/STT_TT00203_01589.950-01594.250.wav,དེ་འདྲ་་གཏོང་ཐུབ་ན། ད་ག་ནང་བཞིན་ང་ཚོ་དགེ་འདུན་པ་རྣམ་པ་ཚོ་ཡིན་ན་ལས། སོ་སོ་སོ་སོ་ཡིག་ཚད་གཏང་དགོས་ཡ་འདི། གལ་ཆེན་པོ་ཞེ་བོ་ཞིག་རེད།
STT_TT00203_01594.750-01597.050,ཁྱེད་རང་ལ་གདེང་ཚོད་ཡོད་པས། ཁྱེད་རང་ག་འདྲ་བྱས་ཀི་འདུག ,khyed rang la gdeng tshod yod pas/_khyed rang ga 'dra byas ki 'dug_,https://d38pmlk0v88drf.cloudfront.net/wav16k/STT_TT00203_01594.750-01597.050.wav,STT_TT,3,53,2.2999999999999545,wav16k/STT_TT00203_01594.750-01597.050.wav,འོ་ཁྱོད་རང་ལ་གདེང་ཚོད་ཡོད་པེ། ཁྱོད་རང་ག་འདྲ་བྱེད་ཀི་འདུག
STT_TT00203_01597.450-01599.350,ཨོ་ད་དེ་ཞུས་དག་བཏང་དགོས་ཡ་དེ་གལ་ཆེན་པོ་ཞེ་བོ་ཡིན་ད།  ,o da de zhus dag btang dgos ya de gal chen po zhe bo yin da/__,https://d38pmlk0v88drf.cloudfront.net/wav16k/STT_TT00203_01597.450-01599.350.wav,STT_TT,3,53,1.899999999999864,wav16k/STT_TT00203_01597.450-01599.350.wav,འོ་ད་འདེ་ཞུ་དག་གཏང་དགོས་ཡ་འདི། གལ་ཆེན་པོ་ཞེ་བོ་ཞིག་ཡིན་ད།
STT_TT00203_01599.850-01601.100,དེ་འདྲ་ཞིག་གི་ཐོག་ནས། ང་ཚོས་མར་ ,de 'dra zhig gi thog nas/_nga tshos mar _,https://d38pmlk0v88drf.cloudfront.net/wav16k/STT_TT00203_01599.850-01601.100.wav,STT_TT,3,32,1.25,wav16k/STT_TT00203_01599.850-01601.100.wav,དེ་འདྲ་ཅིག་གི་ཐོག་ནས་མར་ང་ཚོ་མར་ཞུ
STT_TT00203_01602.050-01603.050,ད་ལེའུ་གསུམ་པ་དེ་ནང་སླེབ་གོ་ ,da le'u gsum pa de nang sleb go _,https://d38pmlk0v88drf.cloudfront.net/wav16k/STT_TT00203_01602.050-01603.050.wav,STT_TT,3,29,1.0,wav16k/STT_TT00203_01602.050-01603.050.wav,ད་ལེའུ་གསུམ་པ་འདི་ནང་ནས། འོ་།
STT_TT00204_00000.950-00003.050,ད་ལེའུ་བཞི་བའི་ཁ་ཐུག་དེར། བླང་བ་ཙམ་ད།  ,da le'u bzhi ba'i kha thug der/_blang ba tsam da/__,https://d38pmlk0v88drf.cloudfront.net/wav16k/STT_TT00204_00000.950-00003.050.wav,STT_TT,3,39,2.1,wav16k/STT_TT00204_00000.950-00003.050.wav,ད་ལེའུ་བཞི་པའི་ཁ་ཐུག་དེ་བླངས་པ་ཙམ་དང་།
STT_TT00204_00003.400-00006.450,ཆོལ་ཁའི་ཐོག་ནས་བྱང་ཆུབ་སེམས་དཔའི་སྡོམ་པ་ལེན་པ་ཙམ་གིས་འགྲིག་ཡ་རྩ་བ་ཉིད་ནས་ཡོད་པ་མ་རེད།  ,chol kha'i thog nas byang chub sems dpa'i sdom pa len pa tsam gis 'grig ya rtsa ba nyid nas yod pa ma red/__,https://d38pmlk0v88drf.cloudfront.net/wav16k/STT_TT00204_00003.400-00006.450.wav,STT_TT,3,87,3.0500000000000003,wav16k/STT_TT00204_00003.400-00006.450.wav,ཆོ་གི་ཐོག་ནས་བྱང་ཆུབ་སེམས་དཔའི་སྡོམ་པ་ལེན་པ་ཙམ་གིས་འྒྲིག་ཡ་རྩ་བ་ཉིད་ནས་ཡོད་མ།
STT_TT00204_00007.350-00010.550,ག་རེ་བྱས་ཟེར་ལབ་ཡོང་དུས་དེ་བ། བྱང་ཆུབ་སེམས་དཔའི་བསླབ་བྱ་ལ་བསླབ་དགོས་རེད་བྱས་ནས། ཨོ་ད་དེ་གསུང་།  ,ga re byas zer lab yong dus de ba/_byang chub sems dpa'i bslab bya la bslab dgos red byas nas/_o da de gsung /__,https://d38pmlk0v88drf.cloudfront.net/wav16k/STT_TT00204_00007.350-00010.550.wav,STT_TT,3,96,3.200000000000001,wav16k/STT_TT00204_00007.350-00010.550.wav,ག་རེ་བྱེད་དགོས་རེ་ཟེ་ལབ་ཡོང་དུས་དེ་བ། བྱང་ཆུབ་སེམས་དཔའི་བསླབ་བྱ་ལ་བསླབ་དགོས་རེད་བྱས་ནས། འོ་ད་འདི་གསུང།
STT_TT00204_00011.250-00015.800,ད་བྱང་ཆུབ་སེམས་དཔའི་བསླབ་བྱ་བསླབ་པར་བྱེད་པ་ལ། ག་རེ་དགོས་པ་རེད་ཟེར་ལབ་ཀིས་འདུག་ག བག་མེད་ཟེར་ཡ་སྡུག་ཅག་ཞེ་བོ་ཞིག་གི་ཅིག ,da byang chub sems dpa'i bslab bya bslab par byed pa la/_ga re dgos pa red zer lab kis 'dug ga_bag med zer ya sdug cag zhe bo zhig gi cig_,https://d38pmlk0v88drf.cloudfront.net/wav16k/STT_TT00204_00011.250-00015.800.wav,STT_TT,3,118,4.550000000000001,wav16k/STT_TT00204_00011.250-00015.800.wav,ད་བྱང་ཆུབ་སེམས་དཔའི་བསླབ་བྱ་ལ་བསླབ་པར་བྱེད་པ་ལ། ག་རེ་དགོས་རེད་ཟེར་དུས་འདི་བ། བག་མེད་ཟེར་ཡ་སྡུག་ཅག་ཞེ་བོ་ཅིག་གི་ཅིག
STT_TT00204_00016.100-00016.900,ཡོད་པ་རེད་ད་བྱས།  ,yod pa red da byas/__,https://d38pmlk0v88drf.cloudfront.net/wav16k/STT_TT00204_00016.100-00016.900.wav,STT_TT,3,18,0.7999999999999972,wav16k/STT_TT00204_00016.100-00016.900.wav,ཡོད་རེད་དཱ་།
STT_TT00204_00017.400-00020.400,བག་མེད་ཟེར་དུས་དེ་བ་ང་ཚོའི་དཔེ། སྣང་བ་སྐྱིད་པོ་གཅིག་གི་ཐོག་ནས་ཅིག ,bag med zer dus de ba nga tsho'i dpe/_snang ba skyid po gcig gi thog nas cig_,https://d38pmlk0v88drf.cloudfront.net/wav16k/STT_TT00204_00017.400-00020.400.wav,STT_TT,3,66,3.0,wav16k/STT_TT00204_00017.400-00020.400.wav,བག་མེད་ཟེར་དུས་དེ་བ། ང་ཚོས་དཔེ། སྣང་བ་སྐྱིད་པོ་ཅིག་གི་ཐོག་ནས་ཅིག
STT_TT00204_00020.650-00021.900,འདུག་སེ། འདུག་སེ་འདུག་སེ་བྱས།  ,'dug se/_'dug se 'dug se byas/__,https://d38pmlk0v88drf.cloudfront.net/wav16k/STT_TT00204_00020.650-00021.900.wav,STT_TT,3,31,1.25,wav16k/STT_TT00204_00020.650-00021.900.wav,འདུག་སེ འདུག་སེ་འདུག་སེ་བྱས།
STT_TT00204_00023.500-00024.350,བསམ་བློའི་ཡང་ཅིག ,bsam blo'i yang cig_,https://d38pmlk0v88drf.cloudfront.net/wav16k/STT_TT00204_00023.500-00024.350.wav,STT_TT,3,17,0.8500000000000014,wav16k/STT_TT00204_00023.500-00024.350.wav,བསམ་བློའི་ནང་ལ་ཡ་ཅིག
STT_TT00204_00024.550-00026.650,དོགས་ཟོལ་རེད། བསམ་བློའི་ནང་ལ་ཡ། རིག་པ་འགྲིམ་ཡ་གིས་བསམ་བློ་རེད།  ,dogs zol red/_bsam blo'i nang la ya/_rig pa 'grim ya gis bsam blo red/__,https://d38pmlk0v88drf.cloudfront.net/wav16k/STT_TT00204_00024.550-00026.650.wav,STT_TT,3,64,2.099999999999998,wav16k/STT_TT00204_00024.550-00026.650.wav,ལོགས་ཟོན་རེད། བསམ་བློ་ནང་ལ་ཡ་རིག་པ་སྒྲིམ་ཡ་གི་བསམ་བློ་རེད།
STT_TT00204_00026.850-00028.850,བསམ་བློའི་ནང་ལ་ཧུར་ཐག་པ་ཐག་བྱེད་ཡ། བསམ་བསམ་བསམ་ཚུལ་མེད།  ,bsam blo'i nang la hur thag pa thag byed ya/_bsam bsam bsam tshul med/__,https://d38pmlk0v88drf.cloudfront.net/wav16k/STT_TT00204_00026.850-00028.850.wav,STT_TT,3,57,2.0,wav16k/STT_TT00204_00026.850-00028.850.wav,བསམ་བློ་ནང་ལ་ཧུར་ཐག་འབད་ཐག་བྱེད་ཨ་བསམ་བསམ་གི་བསམ་ཚུལ་མེད་པ།
STT_TT00204_00032.500-00034.050,ལྟ་སྡོད་ཡ་དེ་འདྲ་ཞིག་གི བག་མེད་ཟེར།  ,lta sdod ya de 'dra zhig gi_bag med zer/__,https://d38pmlk0v88drf.cloudfront.net/wav16k/STT_TT00204_00032.500-00034.050.wav,STT_TT,3,37,1.5499999999999972,wav16k/STT_TT00204_00032.500-00034.050.wav,ལྟ་སྡོད་ཡ་ཞིག དེ་འདྲ་ཞིག་གི་བག་མེད་ཟེར་།
STT_TT00204_00034.350-00034.850,ཡོང་གིས་ཡོད་པ་རེད་པ།  ,yong gis yod pa red pa/__,https://d38pmlk0v88drf.cloudfront.net/wav16k/STT_TT00204_00034.350-00034.850.wav,STT_TT,3,22,0.5,wav16k/STT_TT00204_00034.350-00034.850.wav,དི་ཡོང་ག་ཡོད་རེད་བ།
STT_TT00204_00035.400-00036.650,སྣང་བ་སྐྱིད་པོ་ཞིག་གི་ཐོག་ནས།  ,snang ba skyid po zhig gi thog nas/__,https://d38pmlk0v88drf.cloudfront.net/wav16k/STT_TT00204_00035.400-00036.650.wav,STT_TT,3,31,1.25,wav16k/STT_TT00204_00035.400-00036.650.wav,སྣང་བ་སྐྱིད་པོ་ཞིག་གི་ཐོག་ནས།
STT_TT00204_00036.900-00039.800,ཨོ་ད་འདི་རིག་པ་འགྲིམ་དགོས་རེད་ད་བྱས་ནས། དེར་སོང་ཙང་ང་ཚོ་ལེའུ་གཞན་པའི་ནང་ལ་ཡ།  ,o da 'di rig pa 'grim dgos red da byas nas/_der song tsang nga tsho le'u gzhan pa'i nang la ya/__,https://d38pmlk0v88drf.cloudfront.net/wav16k/STT_TT00204_00036.900-00039.800.wav,STT_TT,3,78,2.8999999999999986,wav16k/STT_TT00204_00036.900-00039.800.wav,འོ་ད་འདི་རིག་པ་སྒྲིམ་དགོས་རེད་ད་བྱས་ནས། འདི་སོང་ཙང་།ང་ཚོ་ལེའུ་བཞི་པའི་ནང་ལ་ཡ།
STT_TT00204_00040.100-00041.300,བག་ཡོད་བསྟན་པའི་ལེའུ་བྱས།  ,bag yod bstan pa'i le'u byas/__,https://d38pmlk0v88drf.cloudfront.net/wav16k/STT_TT00204_00040.100-00041.300.wav,STT_TT,3,27,1.1999999999999955,wav16k/STT_TT00204_00040.100-00041.300.wav,བག་ཡོད་བསྟན་པའི་ལེའུ་བྱས།
STT_TT00204_00041.600-00043.150,ལེའུ་བཞི་བ་དེ་བག་ཡོད་བསྟན་པའི་ལེའུ་ཡིན་བྱས།  ,le'u bzhi ba de bag yod bstan pa'i le'u yin byas/__,https://d38pmlk0v88drf.cloudfront.net/wav16k/STT_TT00204_00041.600-00043.150.wav,STT_TT,3,45,1.5499999999999972,wav16k/STT_TT00204_00041.600-00043.150.wav,ལེའུ་བཞི་པ་འདི། བག་ཡོད་བསྟན་པའི་ལེའུ་ཡིན་བྱསནས།
STT_TT00204_00043.300-00045.150,ཨ་འདའ་ང་ཚོ་དེ་གས། ལྟག་དེ་གས་དེ་ག་རང་ཐོན་ཡོང་གི་འདུག ,a 'da' nga tsho de gas/_ltag de gas de ga rang thon yong gi 'dug_,https://d38pmlk0v88drf.cloudfront.net/wav16k/STT_TT00204_00043.300-00045.150.wav,STT_TT,3,52,1.8500000000000008,wav16k/STT_TT00204_00043.300-00045.150.wav,ད་ལྟ་ང་ཚོ་ད་ག་ལྟག་ད་ག་ལ། ད་ག་རང་འདོན་ཡོང་གི་འདུག
STT_TT00204_00045.650-00047.550,ད་བག་ཡོད་ཟེར་ཡ་དེ་གེ་ང་ཚོའི་ཞེ་དྲག་ཞུས་ཚར་ཡིན་པ།  ,da bag yod zer ya de ge nga tsho'i zhe drag zhus tshar yin pa/__,https://d38pmlk0v88drf.cloudfront.net/wav16k/STT_TT00204_00045.650-00047.550.wav,STT_TT,3,50,1.8999999999999984,wav16k/STT_TT00204_00045.650-00047.550.wav,ད་བག་ཡོད་ཟེར་ཡ། ད་ཉིན་ང་ཚོས་ཞེ་དྲག་ཞུས་ཚར་ཡིན་པ།
STT_TT00204_00048.000-00050.450,ལས་ཀ་སྙིང་པོ་ཡོད་པ་ཞིག་བྱེད་ཡ་ཤིག་ལ། བག་ཡོད་ཟེར་གིས་ཡོད་པ་རེད།  ,las ka snying po yod pa zhig byed ya shig la/_bag yod zer gis yod pa red/__,https://d38pmlk0v88drf.cloudfront.net/wav16k/STT_TT00204_00048.000-00050.450.wav,STT_TT,3,64,2.450000000000003,wav16k/STT_TT00204_00048.000-00050.450.wav,ལས་ཀ་སྙིང་པོ་ཡོད་པ་ཞིག་བྱེད་ཡ་ཞིག་ལ། བག་ཡོད་ཟེར་གི་ཡོད་རེད།
STT_TT00204_00051.150-00053.950,ལས་ཀ་སྙིང་པོ་རྩ་བ་ཉིད་ནས་མེད་པར་བྱེད་པ་ཞིག་ལ། བག་མེད་ཟེར་གི་ཡོད་པ་རེད།  ,las ka snying po rtsa ba nyid nas med par byed pa zhig la/_bag med zer gi yod pa red/__,https://d38pmlk0v88drf.cloudfront.net/wav16k/STT_TT00204_00051.150-00053.950.wav,STT_TT,3,72,2.8000000000000043,wav16k/STT_TT00204_00051.150-00053.950.wav,ལས་ཀ་སྙིང་པོ་རྩ་བ་ཉིད་ནས་མེད་པ་བྱས་པ་ཅིག་ལ་ཡ། བག་མེད་ཟེར་གི་ཡོད་རེད།
STT_TT00204_00054.550-00061.100,ལྷག་པར་དུ་བག་ཡོད་ཟེར་དུས། ང་ཚོའི་ག་རེ་ཆགས་སོང་ཟེར་དུས་དེ་བ། དོན་དག་ག་རེ་ཡིན་ན་ལེ་ཅིག་དོགས་ཟོན་བྱེད་ཡ་གལ་ཆེན་ཞེ་བོ་ཞིག དོན་དག་ག་རེ་ཡིན་ན་ལེ་ཅིག་དོགས་ཟོན་བྱེད་ཡ་དེ་གལ་ཆེན་པོ་ཞེ་བོ་ཅིག ,lhag par du bag yod zer dus/_nga tsho'i ga re chags song zer dus de ba/_don dag ga re yin na le cig dogs zon byed ya gal chen zhe bo zhig_don dag ga re yin na le cig dogs zon byed ya de gal chen po zhe bo cig_,https://d38pmlk0v88drf.cloudfront.net/wav16k/STT_TT00204_00054.550-00061.100.wav,STT_TT,3,182,6.550000000000004,wav16k/STT_TT00204_00054.550-00061.100.wav,ལྷག་པར་དུ་བག་ཡོད་ཟེར་དུས། ང་ཚོས་ག་རེ་བྱགད་ཟེར་རེད་ཟེར་དུས་འདི་བ། དོན་དག་ག་རེ་ཡིན་ན་ལས་ཅིག་དོགས་ཟོན་བྱེད་ཡ་འདི་གལ་ཆེན་པོ་ཞེ་བོ་ཅིག ད་ག་རེ་ཡིན་ན་ལས་ཅིག་དོགས་ཟོན་བྱེད་ཡ་འདི་གལ་ཆེན་པོ་ཞེ་བོ་ཅི
STT_TT00204_00061.700-00064.600,ང་ཚོའི་དོགས་ཟོན་བྱས་ཟེར་ལབ་ཡོང་བསྡད་དུས་དེ་བ། ངའི་སྟོད་པས་ནང་གི་དེ་བརླགས་མིན་འགྲོ་བསམ་བསམ།  ,nga tsho'i dogs zon byas zer lab yong bsdad dus de ba/_nga'i stod pas nang gi de brlags min 'gro bsam bsam/__,https://d38pmlk0v88drf.cloudfront.net/wav16k/STT_TT00204_00061.700-00064.600.wav,STT_TT,3,92,2.8999999999999915,wav16k/STT_TT00204_00061.700-00064.600.wav,ང་ཚོ་དོགས་ཟོན་བྱས་ཟེ་ལབ་ཡོང་དུས་དེ་བ། ངའི་ལྟོ་ཕད་ནང་གི་དི་བརླག་མིན་འགྲོ་བསམ་བསམ།
STT_TT00204_00065.300-00068.750,ང་ཚོ་ད་འདའ་འདིར་གསུང་ཆོས་ཉན་བསྡད་པའི་ཁ་ཐུག་ལ་ཡ། ངའི་ཁྱིམ་ཚང་ནང་ལ་རྐུན་མ་ཤོར་མིན་འགྲོ་བསམ།  ,nga tsho da 'da' 'dir gsung chos nyan bsdad pa'i kha thug la ya/_nga'i khyim tshang nang la rkun ma shor min 'gro bsam/__,https://d38pmlk0v88drf.cloudfront.net/wav16k/STT_TT00204_00065.300-00068.750.wav,STT_TT,3,91,3.450000000000003,wav16k/STT_TT00204_00065.300-00068.750.wav,ང་ཚོ་ད་ལྟ་དེ། གསུང་ཆོས་ཉན་བསྡད་པའི་ཁ་ཐུག་ལ་ཡ། ངའི་ཁྱིམ་ཚང་ནང་ལ་རྐུ་མ་ཤོར་མེད་འགྲོ་སེ།
STT_TT00204_00069.000-00069.650,དེ་འདྲའི་དོགས་ཟོན།  ,de 'dra'i dogs zon/__,https://d38pmlk0v88drf.cloudfront.net/wav16k/STT_TT00204_00069.000-00069.650.wav,STT_TT,3,20,0.6500000000000057,wav16k/STT_TT00204_00069.000-00069.650.wav,དེ་འདྲ་གི་དོགས་
STT_TT00204_00069.850-00070.450,ཟེར་གིས་མ་རེད་ད།  ,zer gis ma red da/__,https://d38pmlk0v88drf.cloudfront.net/wav16k/STT_TT00204_00069.850-00070.450.wav,STT_TT,3,18,0.6000000000000085,wav16k/STT_TT00204_00069.850-00070.450.wav,ཟེར་གི་ཡོད་མ་རེད་ད།
STT_TT00204_00071.050-00078.700,བྱང་ཆུབ་ཀི་སེམས་མ་སྐྱེས་པ་སྐྱེས་པར་བྱེད་པ་ལ་ཡ། འགལ་རྐྱེན་གི་སྒྲིབ་པ་ག་རེ་ག་རེ་ཡོང་གི་འདུག ངའི་བྱང་ཆུབ་སེམས་བསྐྱེད་ཡ་དཔེ་ཕ་གིའི་ཉམས་ལེན་ལ་ཡ། ཁ་ཆག་སྣ་རལ་ཞིག་ག་རེ་འགྲོ་གིས་འདུག ,byang chub ki sems ma skyes pa skyes par byed pa la ya/_'gal rkyen gi sgrib pa ga re ga re yong gi 'dug_nga'i byang chub sems bskyed ya dpe pha gi'i nyams len la ya/_kha chag sna ral zhig ga re 'gro gis 'dug_,https://d38pmlk0v88drf.cloudfront.net/wav16k/STT_TT00204_00071.050-00078.700.wav,STT_TT,3,174,7.650000000000006,wav16k/STT_TT00204_00071.050-00078.700.wav,བྱང་ཆུབ་ཀི་སེམས་མ་སྐྱེད་པ་སྐྱེད་པར་བྱེད་མ་ལ་ཡ། འགལ་རྐྱེན་གི་སྒྲིབ་པ་ག་རེ་ག་རེ་ཡོང་གི་འདུག ངའི་བྱང་ཆུབ་ཀི་སེམས་སྐྱེད་ཡ་གི ཕ་གེ་ཉམས་ལེན་ལ་ཡ། ཁ་ཆག་སྣ་རལ་ར་ཞིག་ག་རེ་འགྲོ་གི་འདུག
STT_TT00203_01543.700-01547.500,འཁྲུངས་བསྡད་རྒྱོ་ཞིག་ཡིན་ན་ནི། ཁོ་གནས་ཚུལ་ཁག་ཁག་རེད་མ་གཏོགས་ཅིག ད་ད་ལྟ་ང་ཚོ་རང་དབང་ཡོད་རྒྱོ། དཀའ་ལས་ཁག་པོ་ཞེ་བོ་ཞིག་རེད་བ།  ,'khrungs bsdad rgyo zhig yin na ni/_kho gnas tshul khag khag red ma gtogs cig_da da lta nga tsho rang dbang yod rgyo/_dka' las khag po zhe bo zhig red ba/__,https://d38pmlk0v88drf.cloudfront.net/wav16k/STT_TT00203_01543.700-01547.500.wav,STT_TT,3,124,3.7999999999999545,wav16k/STT_TT00203_01543.700-01547.500.wav,འཁྲུངས་བསྡད་རྒྱོ་ཞིག་ཡིན་ན་ནི། ཁོ་གནས་ཚུལ་ཁ་ཁ་རེད་མ་གཏོགས་ཅིག ད་ད་ལྟ་ང་ཚོ་རང་དབང་ཡོད་རྒྱོ་ དཀའ་ལས་ཁག་པོ་ཞེ་བོ་ཞིག་རེད་བ།
STT_TT00203_01547.850-01551.350,འདི་བྱས་ཡོང་དུས་འདུག་བ། གལ་སྲིད་ང་རང་ཚོ་རྒྱུད་ལ། ཡོད་བསྡད་རྒྱོ་གི སྡིག་པ་ལྟུང་བ་དེ་བཤགས་པ་ནང་བཞིན་བྱེད་མ་ཐུབ་པ་།  ,'di byas yong dus 'dug ba/_gal srid nga rang tsho rgyud la/_yod bsdad rgyo gi_sdig pa ltung ba de bshags pa nang bzhin byed ma thub pa /__,https://d38pmlk0v88drf.cloudfront.net/wav16k/STT_TT00203_01547.850-01551.350.wav,STT_TT,3,114,3.5,wav16k/STT_TT00203_01547.850-01551.350.wav,དེ་བྱེད་ཡོང་དུས་དེ་བ། གལ་སྲིད་ང་རང་ཚོའི་རྒྱུད་ལ་ཡོད་བསྡད་རྒྱོ་གི་སྡིག་པ་འྟུང་བ་ཚོ་ བཤགས་སྡོམ་ཡ་བྱེད་མ་ཐུབ་པ་ཅི
STT_TT00203_01551.850-01554.400,དགེ་སྦྱོར་འདི་ཚོ་ལ་ཡ། གོང་སྦེལ་ཅིག་གེ གཏོང་མ་ཐུབ་པ་འདྲ། ཅིག་གི་སྟེང་ནས།  ,dge sbyor 'di tsho la ya/_gong sbel cig ge_gtong ma thub pa 'dra/_cig gi steng nas/__,https://d38pmlk0v88drf.cloudfront.net/wav16k/STT_TT00203_01551.850-01554.400.wav,STT_TT,3,73,2.550000000000182,wav16k/STT_TT00203_01551.850-01554.400.wav,དགེ་སྦྱོར་དེ་ཚོ་ཡ་ཡ་གོང་འཕེལ་སེ་གེ་གཏོང་མ་ཐུབ་དྲ་ཞིག་གི་སྟེང་ནས།
STT_TT00203_01554.600-01555.550,ང་ཚོ་དོ་དགོང་འགྲོ་ཀ་བྱེད།  ,nga tsho do dgong 'gro ka byed/__,https://d38pmlk0v88drf.cloudfront.net/wav16k/STT_TT00203_01554.600-01555.550.wav,STT_TT,3,27,0.9500000000000456,wav16k/STT_TT00203_01554.600-01555.550.wav,ང་ཚོ་དོ་དགོང་འགྲོ་ག་ག
STT_TT00203_01556.100-01556.900,སྡིག་པ་ཡོད་པ་ ,sdig pa yod pa _,https://d38pmlk0v88drf.cloudfront.net/wav16k/STT_TT00203_01556.100-01556.900.wav,STT_TT,3,14,0.8000000000001819,wav16k/STT_TT00203_01556.100-01556.900.wav,སྡིག་པ་ཡོད་པ་སྒྲུབ།
STT_TT00203_01557.800-01560.600,འདི་ལས་ཕ་བཤག་དགོས་ཡ་འདི་གས། ཕ་བཤགས། བསྡམ་དགོས་ཡ་འདི་གས། ཕ་བསྡམས།  ,'di las pha bshag dgos ya 'di gas/_pha bshags/_bsdam dgos ya 'di gas/_pha bsdams/__,https://d38pmlk0v88drf.cloudfront.net/wav16k/STT_TT00203_01557.800-01560.600.wav,STT_TT,3,66,2.7999999999999545,wav16k/STT_TT00203_01557.800-01560.600.wav,དེ་ལས་ཕར་གཤགས་དགོས་ཡ་འདི་གས། ཕར། བཤགས སྡམ་དགོས་ཡ་འདི་གས་ཕ་བསྡམ།
STT_TT00203_01560.950-01567.000,གཙང་མ་ཡག་པོ་བྱས། མ་ཉལ་སྡོད་ངེ་ཡིན་ན། བློ་ཡ་བདེ། འ་ད་གཙང་མ་ཡིན། འ་ད་ས་ཉིན་ཤི་ན་འགྱོད་པ་མེད་བསམ་བསམ་འདྲ་ཞིག་གི་ཐོག་ནས། འགྲོ་དགོས་ཡ་ཞིག་ཆགས་ཀི་འདུག་གཱ ,gtsang ma yag po byas/_ma nyal sdod nge yin na/_blo ya bde/_'a da gtsang ma yin/_'a da sa nyin shi na 'gyod pa med bsam bsam 'dra zhig gi thog nas/_'gro dgos ya zhig chags ki 'dug gA_,https://d38pmlk0v88drf.cloudfront.net/wav16k/STT_TT00203_01560.950-01567.000.wav,STT_TT,3,148,6.0499999999999545,wav16k/STT_TT00203_01560.950-01567.000.wav,གཙང་མ་ཡག་པོ་བྱས།་མར་ཉལ་བསྡད་ངེ་ཡིན་ན། ཀློག་ཡེ་བདེ་ཨ། ཨ་ད་གཙང་མ་ཡིན། ད་སང་ཉིན་ཤི་ནས་འགྱོད་པ་མེད་བསམ་བསམ་དྲ་ཅིག་གི་ཐོག་ནས། འགྲོ་དགོས་ཡ་ཞིག་ཆགས་ཀི་འདུག་གཱ
STT_TT00203_01569.700-01570.250,སྒྲིབ་པ་འདི་མ་གསུང་ན།  ,sgrib pa 'di ma gsung na/__,https://d38pmlk0v88drf.cloudfront.net/wav16k/STT_TT00203_01569.700-01570.250.wav,STT_TT,3,23,0.5499999999999545,wav16k/STT_TT00203_01569.700-01570.250.wav,དྲི་པ་དེ་མ་སོང་ན།
STT_TT00203_01567.500-01569.400,ད་ལྟ། ང་རང་ཚོ། ང་རང་ཚོ། སོ་སོས་མ།  ,da lta/_nga rang tsho/_nga rang tsho/_so sos ma/__,https://d38pmlk0v88drf.cloudfront.net/wav16k/STT_TT00203_01567.500-01569.400.wav,STT_TT,3,35,1.900000000000091,wav16k/STT_TT00203_01567.500-01569.400.wav,ད་ལྟ་ང་རང་ཚོ། ང་རང་ཚོ། སོ་སོ་སོ་སོས་མ།
STT_TT00203_01570.600-01571.850,མ་ཅིག་སྐུལ། སོ་སོས་སོ་སོ་མ།  ,ma cig skul/_so sos so so ma/__,https://d38pmlk0v88drf.cloudfront.net/wav16k/STT_TT00203_01570.600-01571.850.wav,STT_TT,3,29,1.25,wav16k/STT_TT00203_01570.600-01571.850.wav,མར་ཅིག་བརྐུས། སོ་སོ་ོ་སོས་མ།
STT_TT00203_01572.150-01573.450,ཡིག་ཚད་མ་གསུང་ན། ཅིག་གཏོང་ད་ཡ།  ,yig tshad ma gsung na/_cig gtong da ya/__,https://d38pmlk0v88drf.cloudfront.net/wav16k/STT_TT00203_01572.150-01573.450.wav,STT_TT,3,32,1.2999999999999543,wav16k/STT_TT00203_01572.150-01573.450.wav,ཡིག་ཚད་ད་མ་སོང་ན། ཅིག་བཏོན་དཱ་ཡ།
STT_TT00204_00101.650-00106.250,ད་ང་ཚོ་བག་ཡོད་སྒོམ་སྟངས་འདི་ལ་ཡ། འཕགས་པ་ཐོགས་མེད་ཀིས་ཀུན་འདུས་ནང་ལ་ཡ། ཁག་མི་འདྲ་བ་གསུམ་འདྲ་ཞིག ,da nga tsho bag yod sgom stangs 'di la ya/_'phags pa thogs med kis kun 'dus nang la ya/_khag mi 'dra ba gsum 'dra zhig_,https://d38pmlk0v88drf.cloudfront.net/wav16k/STT_TT00204_00101.650-00106.250.wav,STT_TT,3,95,4.599999999999994,wav16k/STT_TT00204_00101.650-00106.250.wav,ད་ང་ཚོ་བག་ཡོད་སྒོམ་སྟངས་དེ་ལ་ཡ། འཕགས་པ་ཐོགས་མེད་ཀི། སྐུ་འདུས་ནང་ལ་ཡ། ཁག་མི་འདྲ་བ་གསུམ་ཙི་ཞི།
STT_TT00204_00107.100-00109.400,འདས་པའི་གནས་ཚུལ་ལ་རྟེན་བྱས། བག་ཡོད་སྒོམ་སྟངས།  ,'das pa'i gnas tshul la rten byas/_bag yod sgom stangs/__,https://d38pmlk0v88drf.cloudfront.net/wav16k/STT_TT00204_00107.100-00109.400.wav,STT_TT,3,47,2.300000000000012,wav16k/STT_TT00204_00107.100-00109.400.wav,འདས་པའི་གནས་ཚུལ་ལ་བརྟེན་བྱས། བག་ཡོད་སྒོམ་སྟངས།
STT_TT00204_00110.150-00113.000,ད་ལྟའི་བའི་གནས་ཚུལ་ལ་རྟེན་བྱས། བག་ཡོད་སྒོམ་སྟངས་གཅིག་བྱས། མ་འོངས་པའི་གནས་ཚུལ་ལ་བལྟས་བྱས།  ,da lta'i ba'i gnas tshul la rten byas/_bag yod sgom stangs gcig byas/_ma 'ongs pa'i gnas tshul la bltas byas/__,https://d38pmlk0v88drf.cloudfront.net/wav16k/STT_TT00204_00110.150-00113.000.wav,STT_TT,3,90,2.8499999999999943,wav16k/STT_TT00204_00110.150-00113.000.wav,ད་ལྟ་བའི་གནས་ཚུལ་ལ་བརྟེན་བྱས། བག་ཡོད་སྒོམ་སྟངས་གཅིག་བྱས། མ་འོངས་པའི་གནས་ཚུལ་ལ་བལྟས་བྱས།
STT_TT00204_00113.350-00114.300,བག་ཡོད་སྒོམ་སྟངས་གཅིག་བྱས།  ,bag yod sgom stangs gcig byas/__,https://d38pmlk0v88drf.cloudfront.net/wav16k/STT_TT00204_00113.350-00114.300.wav,STT_TT,3,28,0.9500000000000028,wav16k/STT_TT00204_00113.350-00114.300.wav,བག་ཡོད་སྒོམ་སྟངས་གཅིག་བྱས།
STT_TT00204_00114.600-00116.250,བག་ཡོད་སྒོམ་སྟངས་དེ་ལ། རིགས་མི་འདྲ་བ་གསུམ་ཡོད་རེད་ཟེར།  ,bag yod sgom stangs de la/_rigs mi 'dra ba gsum yod red zer/__,https://d38pmlk0v88drf.cloudfront.net/wav16k/STT_TT00204_00114.600-00116.250.wav,STT_TT,3,56,1.6500000000000057,wav16k/STT_TT00204_00114.600-00116.250.wav,བག་ཡོད་སྒོམ་སྟངས་དེ་ལ་རིགས་མི་འགྲུག་པ་གསུམ་ཡོད་རེད་ཟེ།
STT_TT00204_00117.050-00120.150,ད་མདོ་དོན་ལྡག་ལྡོག་འདི། སྣང་བ་སྐྱིད་པོ་ཞེ་བོ་དེ་འདྲ། བྱེད་རྒྱུ་ཡོད་མ་རེད་གསུངས་པ་རེད་དཱ།  ,da mdo don ldag ldog 'di/_snang ba skyid po zhe bo de 'dra/_byed rgyu yod ma red gsungs pa red dA/__,https://d38pmlk0v88drf.cloudfront.net/wav16k/STT_TT00204_00117.050-00120.150.wav,STT_TT,3,90,3.1000000000000085,wav16k/STT_TT00204_00117.050-00120.150.wav,ད་མདོ་དོན་རྡོག་རྡོག་དེ། སྣང་བ་སྐྱིད་པོ་ཞེ་བོ་དེ་འདྲ་བྱེད་རྒྱུ་ཡོད་མ་རེད་གསུངས་པ་རེད་ད།
STT_TT00204_00120.550-00123.750,སྣང་བ་སྐྱིད་པོ་འདི། ཆོས་དང་མཐུན་པ། ཅིག་གི་ཐོག་ནས། སྣང་བ་སྐྱིད་པོ་ཞིག་བྱེད་ན་འགྲིག་གི་འདུག་གཱ ,snang ba skyid po 'di/_chos dang mthun pa/_cig gi thog nas/_snang ba skyid po zhig byed na 'grig gi 'dug gA_,https://d38pmlk0v88drf.cloudfront.net/wav16k/STT_TT00204_00120.550-00123.750.wav,STT_TT,3,93,3.200000000000003,wav16k/STT_TT00204_00120.550-00123.750.wav,སྣང་བ་སྐྱིད་པོ་དི། ཆོས་དང་མཐུན་པ་ཅིག་གི་ཐོག་ནས། སྣང་བ་སྐྱིད་པོ་ཞིག་བྱས་ན་འགྲིག་གི་འདུག་ག
STT_TT00204_00124.150-00129.750,ང་ཚོ་ད་ལྟ། བུ་གུ་ཆུང་ཆུང་དེ་འདྲ་ཁག་ཅིག སྣང་བ་སྐྱིད་འདོད་ཞིག་འཁུར། སྣང་བ་སྐྱིད་པོ་དེ་བྱེད་དྲག་དུས་འདུག་བ། གང་འཚམ་བྱས་ནས། མི་སྤྱོད་དཱ་བྲལ་བྱས།  ,nga tsho da lta/_bu gu chung chung de 'dra khag cig_snang ba skyid 'dod zhig 'khur/_snang ba skyid po de byed drag dus 'dug ba/_gang 'tsham byas nas/_mi spyod dA bral byas/__,https://d38pmlk0v88drf.cloudfront.net/wav16k/STT_TT00204_00124.150-00129.750.wav,STT_TT,3,142,5.599999999999994,wav16k/STT_TT00204_00124.150-00129.750.wav,ང་ཚོ་ད་ལྟ་པུ་གུ་ཆུང་ཆུང་དེ་འདྲ་ཁག་ཅིག སྣང་བ་སྐྱིད་སྡད་འ་ྲ་ཞིག་ཁོར། སྣང་བ་སྐྱིད་པོ་དི་བྱས་འགྲོ་དུས་དེ་བ། གང་འཚམ་ཅིག་ནས།་མི་སྤྱོད་དཱ་བྲལ་བྱས།
STT_TT00204_00130.200-00132.850,སྣང་བ་སྐྱིད་པོ་འདི། ཚད་གཞི་ཁྱོན་ནས་མེད་པ་བྱས། དཔེ་ཧ་ཙང་ཐལ་དྲག ,snang ba skyid po 'di/_tshad gzhi khyon nas med pa byas/_dpe ha tsang thal drag_,https://d38pmlk0v88drf.cloudfront.net/wav16k/STT_TT00204_00130.200-00132.850.wav,STT_TT,3,62,2.6500000000000057,wav16k/STT_TT00204_00130.200-00132.850.wav,སྣང་བ་སྐྱིད་པོ་དེ། ཚད་གཞི་ཁྱོན་ནས་མེད་པ་བྱས། རྦད་དེ་ཧ་ཅང་ཐལ་དྲགས།
STT_TT00204_00133.200-00138.100,གཞུག་གུ་ང་ཚོའི་ལྷ་ཆོས་ཅིག་ད། ད་ཕ་བཞག་ནས། མི་སྤྱོད་ཅིག་ད། ཏག་ཏག་ཁྱོན་ནས་མ་བསྡད་ངེ་། ཨེ་ནས། ཅིག་པ་ལགས་ཨ་མ་ལགས་དགོངས་པ་འཁྲུག་བསྡད་ཡ།  ,gzhug gu nga tsho'i lha chos cig da/_da pha bzhag nas/_mi spyod cig da/_tag tag khyon nas ma bsdad nge /_e nas/_cig pa lags a ma lags dgongs pa 'khrug bsdad ya/__,https://d38pmlk0v88drf.cloudfront.net/wav16k/STT_TT00204_00133.200-00138.100.wav,STT_TT,3,131,4.900000000000006,wav16k/STT_TT00204_00133.200-00138.100.wav,གཞུག་གུ་ང་ཚོ་ལྷ་ཆོས་ཅིག་ད་ད་ཕར་བཞག་ནས། མི་ཆུད་ཅིག་ད། ཏག་ཏག་ཉིད་ནས་མ་འྡོད་ངེ། ཨེ་ནས་ཅིག་པ་ལགས་ཨ་མ་ལག་དགོངས་པ་དཀྲུག་སྡོད་ཡ།
STT_TT00204_00138.350-00139.750,སྤུན་རྒྱ་འདི་གས་ཀི་གདོང་ཆུ་ལ་གཡུག་ཡ་ཞིག ,spun rgya 'di gas ki gdong chu la g.yug ya zhig_,https://d38pmlk0v88drf.cloudfront.net/wav16k/STT_TT00204_00138.350-00139.750.wav,STT_TT,3,40,1.4000000000000057,wav16k/STT_TT00204_00138.350-00139.750.wav,སྤུན་རྒྱ་འདི་གསི་གདོང་ཆུ་ལ་གཡུག་ཡ་གི་ཟོལ།
STT_TT00204_00140.150-00141.800,སྣང་བ་སྐྱིད་པོ་ཁྱད་མཚར་པོ་ཞེ་བོ་དེ་འདྲ་བྱེད་བསྡད་ཀི།  ,snang ba skyid po khyad mtshar po zhe bo de 'dra byed bsdad ki/__,https://d38pmlk0v88drf.cloudfront.net/wav16k/STT_TT00204_00140.150-00141.800.wav,STT_TT,3,54,1.6500000000000057,wav16k/STT_TT00204_00140.150-00141.800.wav,སྣང་བ་སྐྱིད་པོ་ཁྱད་མཚར་པོ་ཞེ་བོ་དེ་འདྲའ་བྱེད་བསྡད།
STT_TT00204_00142.450-00145.100,ད་ང་ཚོ། ད་ལྟ་ཅིག ང་ཚོ་དགེ་འདུན་པ་ཚོ། རྣམ་པ་ཚོ་ཆ་བཞག་ན་ལས།  ,da nga tsho/_da lta cig_nga tsho dge 'dun pa tsho/_rnam pa tsho cha bzhag na las/__,https://d38pmlk0v88drf.cloudfront.net/wav16k/STT_TT00204_00142.450-00145.100.wav,STT_TT,3,59,2.6500000000000057,wav16k/STT_TT00204_00142.450-00145.100.wav,ད་ང་ཚོ་ད་ལྟ་ཅིག ང་ཚོ་དགེ་འདུན་པ་ཚོ་རྣམ་པ་ཚོ་ཆ་བཞག་ན་ལས།
STT_TT00204_00145.350-00147.250,གང་ལྟར་སྣང་བ་སྐྱིད་པོ་བྱེད་ནའང་འདྲ། མ་བྱེད་ནའང་འདྲ།  ,gang ltar snang ba skyid po byed na'ang 'dra/_ma byed na'ang 'dra/__,https://d38pmlk0v88drf.cloudfront.net/wav16k/STT_TT00204_00145.350-00147.250.wav,STT_TT,3,53,1.9000000000000057,wav16k/STT_TT00204_00145.350-00147.250.wav,གང་ལྟར་སྣང་བ་སྐྱིད་པོ་བྱས་ན་ཡང་འདྲ། མ་བྱས་ནའང་འདྲ།
STT_TT00203_00737.400-00741.300,བྱས་ཙང་ང་ཚོ་ད་འདི་གུང་ཐང་རིན་པོ་ཆེ་གི་གསུངས་ཡ་དེ་དངོས་དཔེ་ཞི་པོ་ཅིག་སེམས་ལ་ཕན་པོ་འདུག་བ།  ,byas tsang nga tsho da 'di gung thang rin po che gi gsungs ya de dngos dpe zhi po cig sems la phan po 'dug ba/__,https://d38pmlk0v88drf.cloudfront.net/wav16k/STT_TT00203_00737.400-00741.300.wav,STT_TT,3,90,3.899999999999977,wav16k/STT_TT00203_00737.400-00741.300.wav,བྱས་ཙང་ང་ཚོ་ད། འདི་གུང་ཐང་རིན་པོ་ཆེ་གིས་གསུངས་ཡ་འདི། དངོས་གནས་ དཔེ་ཞེ་བོ་ཞིག་སེམས་ལ་ཕན་པོ་འདུག་ག
STT_TT00203_00741.500-00743.400,ཡང་ཡང་རྙེད་པར་དཀའ་ལ་དོན་ཆེ་བས།  ,yang yang rnyed par dka' la don che bas/__,https://d38pmlk0v88drf.cloudfront.net/wav16k/STT_TT00203_00741.500-00743.400.wav,STT_TT,3,32,1.8999999999999773,wav16k/STT_TT00203_00741.500-00743.400.wav,ཡང་ཡང་རྙེད་པར་དཀའ་ལ་དོན་ཆེ་བས།
STT_TT00203_00743.900-00746.450,ད་འདི་འདྲས་ཅིག་ད་ཡོང་ཡ་དེ་དཀའ་ལས་ཁག་པོ་ཞི་པོ་ཅིག་རེད་ད།  ,da 'di 'dras cig da yong ya de dka' las khag po zhi po cig red da/__,https://d38pmlk0v88drf.cloudfront.net/wav16k/STT_TT00203_00743.900-00746.450.wav,STT_TT,3,57,2.550000000000068,wav16k/STT_TT00203_00743.900-00746.450.wav,ད་དེ་འདྲ་ཅིག་ད་ཡོང་ཡ་འདི། དཀའ་ལས་ཁག་པོ་ཞེ་བོ་ཞིག་རེད་ད།
STT_TT00203_00746.900-00748.300,དཔེར་ན་ང་ཚོ་དེ་རིང་དེ་འཛོམས་བསྡད་ཡ།  ,dper na nga tsho de ring de 'dzoms bsdad ya/__,https://d38pmlk0v88drf.cloudfront.net/wav16k/STT_TT00203_00746.900-00748.300.wav,STT_TT,3,37,1.3999999999999773,wav16k/STT_TT00203_00746.900-00748.300.wav,དཔེར་ན། ང་ཚོ་དེ་རིང་འདེ་འཛོམས་སྡོད་ཡ།
STT_TT00203_00748.500-00749.550,དེ་རིང་གི་ཉི་མ་བཞི་པ་རེད་བ།  ,de ring gi nyi ma bzhi pa red ba/__,https://d38pmlk0v88drf.cloudfront.net/wav16k/STT_TT00203_00748.500-00749.550.wav,STT_TT,3,29,1.0499999999999543,wav16k/STT_TT00203_00748.500-00749.550.wav,དེ་རིང་ཁ་ཉི་མ་བཞི་པ་རེད་བ།
STT_TT00203_00749.800-00752.250,ད་འདི་རྟག་པར་རེ་ཞིག་ཡོད་རེད་ཟེརན། རྟག་པར་རེ་ཞིག་ཡོད་མ་རེད།  ,da 'di rtag par re zhig yod red zeran/_rtag par re zhig yod ma red/__,https://d38pmlk0v88drf.cloudfront.net/wav16k/STT_TT00203_00749.800-00752.250.wav,STT_TT,3,60,2.450000000000045,wav16k/STT_TT00203_00749.800-00752.250.wav,ད་འདི་རྟག་པ་རེ་ཞིག་ཡོད་རེད་བེ་ཟེར་ན། རྟག་པ་རེ་བཞིག་ཡོད་མ་རེད།
STT_TT00203_00752.600-00754.550,ཁྱོད་རང་རྣམ་པ་ཡིན་ན་ལེ་གསུངས་ཆོས་གི་བར་རུ་དེ།  ,khyod rang rnam pa yin na le gsungs chos gi bar ru de/__,https://d38pmlk0v88drf.cloudfront.net/wav16k/STT_TT00203_00752.600-00754.550.wav,STT_TT,3,47,1.949999999999932,wav16k/STT_TT00203_00752.600-00754.550.wav,ཁྱེད་རང་རྣམ་པ་ཡིན་ན་ལེ། གསུང་ཆོས་ཀི་བར་རོ་དེ།
STT_TT00203_00754.700-00761.250,ལས་ཀ་ཐེབ་ཆག་ད་དངོས་སོ་སོ་འཚོ་བའི་དོན་དག་ལི། པུ་གུ་དོན་དག་ལི་གལ་ཆེན་པོ་ཞི་པོ་ཅིག་དངོས་གནས་རེད། དེ་ངས་སྐྱག་རྫུན་རྩ་བ་ཉིད་ནས་མིན། ཁྱོད་རང་རྣམ་པའི་ངོ་ལ་བསྟུན་བྱས།  ,las ka theb chag da dngos so so 'tsho ba'i don dag li/_pu gu don dag li gal chen po zhi po cig dngos gnas red/_de ngas skyag rdzun rtsa ba nyid nas min/_khyod rang rnam pa'i ngo la bstun byas/__,https://d38pmlk0v88drf.cloudfront.net/wav16k/STT_TT00203_00754.700-00761.250.wav,STT_TT,3,160,6.5499999999999545,wav16k/STT_TT00203_00754.700-00761.250.wav,ལས་ཀ་ཐེབས་ཆག ད་དངོས་གནས་སོ་སོའི་འཚོ་བའི་དོན་དག་རེད། པུ་གུའི་དོན་དག་ལེ། གལ་ཆེན་པོ་ཞེ་བོ་ཅིག དངོས་གནས་རེད། འདི་ངས་སྐྱག་རྫུན་རྩ་བ་ཉིད་ནས་མེད། ཁྱེད་རང་རྣམ་པ་ངོ་བསྟུན་བྱས།
STT_TT00204_00079.100-00084.000,ག་འདྲ་ཤིག་གིས་ཐོག་ནས་མར་བྱང་ཆུབ་སེམས་ཀི་ཉམས་ལེན་དེ་མར་སྐྱོ་རུ་འགྲོ་གིས་འདུག བྱང་ཆུབ་ཀི་སེམས་མ་ཡོང་བ་དེ་ག་འདྲ་ཤིག་གིས་ཐོག་ནས་ཆགས་ཡོང་གིས་འདུག ,ga 'dra shig gis thog nas mar byang chub sems ki nyams len de mar skyo ru 'gro gis 'dug_byang chub ki sems ma yong ba de ga 'dra shig gis thog nas chags yong gis 'dug_,https://d38pmlk0v88drf.cloudfront.net/wav16k/STT_TT00204_00079.100-00084.000.wav,STT_TT,3,141,4.900000000000006,wav16k/STT_TT00204_00079.100-00084.000.wav,ག་འདྲ་ཅིག་གི་ཐོག་ནས་མ་བྱང་ཆུབ་ཀི་སེམས་ཀི་ཉམས་ལེན་དེ་མར་སྐྱོ་རུ་འགྲོ་གི་འདུག བྱང་ཆུབ་ཀི་སེམས་མ་ཡོང་པ་དྲ་ཞིག ག་འདྲ་ཅིག་གི་ཐོག་ནས་ཆགས་ཡོང་གི་འདུག
STT_TT00204_00084.450-00087.000,ད་བྱང་ཆུབ་ཀི་སེམས་ཀི་ཉམས་ལེན་བྱེད་ཐུབ་ཡ་གཅིག་ད།  ,da byang chub ki sems ki nyams len byed thub ya gcig da/__,https://d38pmlk0v88drf.cloudfront.net/wav16k/STT_TT00204_00084.450-00087.000.wav,STT_TT,3,49,2.549999999999997,wav16k/STT_TT00204_00084.450-00087.000.wav,ད་བྱང་ཆུབ་ཀི་སེམས་ཀི་ཉམས་ལེན་ཞེད་ཐུབ་ཡ་ཅིག་དང་།
STT_TT00203_00761.600-00762.900,སྐྱག་རྫུན་མིན་དངོས་གནས་གལ་ཆེན་པོ་རེད།  ,skyag rdzun min dngos gnas gal chen po red/__,https://d38pmlk0v88drf.cloudfront.net/wav16k/STT_TT00203_00761.600-00762.900.wav,STT_TT,3,39,1.2999999999999543,wav16k/STT_TT00203_00761.600-00762.900.wav,ཞུས་རྒྱོ་མེ། དངོས་གནས་གལ་ཆེན་པོ་རེད།
STT_TT00203_00763.350-00766.900,ཁྱིམ་ཚང་དོན་དག་ཟེར་བ་དེ་གལ་ཆེན་པོ་ཞི་པོ་ཅིག་རེད། རེད་དེ་དེ་ཕར་བཞག་བྱས་ང་ཚོ་དེ་ཡོང་པ་རེད་བ།  ,khyim tshang don dag zer ba de gal chen po zhi po cig red/_red de de phar bzhag byas nga tsho de yong pa red ba/__,https://d38pmlk0v88drf.cloudfront.net/wav16k/STT_TT00203_00763.350-00766.900.wav,STT_TT,3,92,3.5499999999999545,wav16k/STT_TT00203_00763.350-00766.900.wav,ཁྱིམ་ཚང་གི་དོན་དག་ཟེར་ཡ་འདི། གལ་ཆེན་པོ་ཞེ་བོ་ཅིག་རེད། རེད་དེ། འདི་ཕར་བཞག་བྱས། ང་ཚོ་འདི་ཡོང་པ་རེད་བ།
STT_TT00204_00087.350-00089.000,བྱེད་ཐུབ་པ་ཙམ་དུ་མ་ཟད་པ་དེ་བརྟན་པོ་ཆགས་འགྲོ་ཡ།  ,byed thub pa tsam du ma zad pa de brtan po chags 'gro ya/__,https://d38pmlk0v88drf.cloudfront.net/wav16k/STT_TT00204_00087.350-00089.000.wav,STT_TT,3,48,1.6500000000000057,wav16k/STT_TT00204_00087.350-00089.000.wav,གཞི་ཚུགས་པ་ཙམ་དུ་མ་ཟད་པ། འདེ་བརྟན་པོ་ཆགས་འགྲོ་ཡ།
STT_TT00203_00767.250-00770.800,ད་དེ་ནས་མར་ལོ་གཅིག་ཚོགས་པས་ལོ་གཅིག་ཚང་མ་ཡོང་ཐུབ་གི་འདུག་ཟེར། དེ་དཀའ་ལས་ཁག་པོ་རེད་ད།  ,da de nas mar lo gcig tshogs pas lo gcig tshang ma yong thub gi 'dug zer/_de dka' las khag po red da/__,https://d38pmlk0v88drf.cloudfront.net/wav16k/STT_TT00203_00767.250-00770.800.wav,STT_TT,3,85,3.5499999999999545,wav16k/STT_TT00203_00767.250-00770.800.wav,ད་འདེ་ནས་མར། ལོ་གཅིག་ཚོགས་ནས། ལོ་གཅིག་འཁོག་མ་ཡོང་ཐུབ་ཀི་འདུག་ཟེ། དེ་དཀའ་ལས་ཁག་པོ་རེད་ད།
STT_TT00204_00089.400-00094.100,བརྟན་པོ་ཆགས་པ་ཙམ་དུ་མ་ཟད་པ། དེ་ཡང་གོང་འཕེལ་དུ་འགྲོ་ཡ་གིས་རྐྱེན་དེ་ཚོ་ག་འདྲ་འདྲ་བོ་ཞིག་གིས་ཐོག་ནས་བསྒྲུབ་དགོས་ཀི་འདུག ,brtan po chags pa tsam du ma zad pa/_de yang gong 'phel du 'gro ya gis rkyen de tsho ga 'dra 'dra bo zhig gis thog nas bsgrub dgos ki 'dug_,https://d38pmlk0v88drf.cloudfront.net/wav16k/STT_TT00204_00089.400-00094.100.wav,STT_TT,3,117,4.699999999999989,wav16k/STT_TT00204_00089.400-00094.100.wav,བརྟན་པོ་ཆགས་པ་ཙམ་དུ་མ་ཟད་པ། དེ་ཡང་གོང་འཕེལ་དུ་འགྲོ་ཡ་ རྐྱེན་ར་དེ་ཚོ། ག་འདྲ་གང་འདྲ་ཞིག་གི་ཐོག་ནས་འྒྲུབ་དགོས་ཀི་འདུག
STT_TT00204_00165.950-00168.250,ཆོས་དང་རྦད་དུ་འགལ་ཆོས་དང་རྦད་དུ་ཁ་བྲལ་ཕྱིན།  ,chos dang rbad du 'gal chos dang rbad du kha bral phyin/__,https://d38pmlk0v88drf.cloudfront.net/wav16k/STT_TT00204_00165.950-00168.250.wav,STT_TT,3,45,2.300000000000012,wav16k/STT_TT00204_00165.950-00168.250.wav,ཆོས་དཱ་རྦད་དེ། རྒལ། ཆོས་དང་རྦད་དེ་ཁ་བྲལ་ཕྱིན།
STT_TT00204_00094.250-00096.050,ཨོ་ནང་ལ་བསམ་བློ་མང་པོ་གཏོང་ཤོག་བྱས།  ,o nang la bsam blo mang po gtong shog byas/__,https://d38pmlk0v88drf.cloudfront.net/wav16k/STT_TT00204_00094.250-00096.050.wav,STT_TT,3,37,1.7999999999999972,wav16k/STT_TT00204_00094.250-00096.050.wav,འོ་འདི་སྒང་ལ།་བསམ་བློ་མང་ཙོ་གཏོང་ཤོག་བྱས།
STT_TT00204_00096.550-00099.000,དེ་སྒང་ལ་བསམ་བློ་མང་སེ་བཏང་བྱས་རིག་པ་འགྲིམ་ཡ་དེ་ལ་ཡ།  ,de sgang la bsam blo mang se btang byas rig pa 'grim ya de la ya/__,https://d38pmlk0v88drf.cloudfront.net/wav16k/STT_TT00204_00096.550-00099.000.wav,STT_TT,3,54,2.450000000000003,wav16k/STT_TT00204_00096.550-00099.000.wav,འདིའི་སྒང་ལ་བསམ་བློ་མང་ཙི་བཏང་བྱས། རིག་པ་སྒྲིམ་ཡ་དེ་ལ་ཡ།
STT_TT00204_00168.600-00169.250,ཆོས་རྦད་དེ།  ,chos rbad de/__,https://d38pmlk0v88drf.cloudfront.net/wav16k/STT_TT00204_00168.600-00169.250.wav,STT_TT,3,13,0.6500000000000057,wav16k/STT_TT00204_00168.600-00169.250.wav,ཆོས་རྦད་དེ།
STT_TT00204_00169.400-00170.050,བཞག་བྱས་ ,bzhag byas _,https://d38pmlk0v88drf.cloudfront.net/wav16k/STT_TT00204_00169.400-00170.050.wav,STT_TT,3,9,0.6500000000000057,wav16k/STT_TT00204_00169.400-00170.050.wav,བཞག་བྱས།
STT_TT00204_00170.400-00172.600,སྣང་བ་སྐྱིད་པོ་བྱེད་ཡ་བྱེད་གི་འདུག་ན། འོ་དེ་མིང་ལ་བག་མེད་ཟེར།  ,snang ba skyid po byed ya byed gi 'dug na/_'o de ming la bag med zer/__,https://d38pmlk0v88drf.cloudfront.net/wav16k/STT_TT00204_00170.400-00172.600.wav,STT_TT,3,63,2.1999999999999886,wav16k/STT_TT00204_00170.400-00172.600.wav,སྣང་བ་སྐྱིད་པོ་བྱེད་ཡ་བྱེད་ཀི་བསྡད་ན། འོ་འདེ་མིང་ལ་བག་མེད་ཟེ།
STT_TT00204_00099.450-00100.900,བག་ཡོད་ལེའུ་བྱས་ནས། ཨོ་ད་དེ་ལ་སྒྲུབ་ ,bag yod le'u byas nas/_o da de la sgrub _,https://d38pmlk0v88drf.cloudfront.net/wav16k/STT_TT00204_00099.450-00100.900.wav,STT_TT,3,37,1.4500000000000028,wav16k/STT_TT00204_00099.450-00100.900.wav,བག་ཡོད་བྱས་ནས། འོ་ད་དེ་ལ་འགྲོ
STT_TT00204_00198.100-00199.300,ཨོ་སྔ་མ་ལས་ཀ་འདི་བྱས།  ,o snga ma las ka 'di byas/__,https://d38pmlk0v88drf.cloudfront.net/wav16k/STT_TT00204_00198.100-00199.300.wav,STT_TT,3,23,1.200000000000017,wav16k/STT_TT00204_00198.100-00199.300.wav,འོ་སྔ་མ་ལས་ཀ་འདི་བྱས།
STT_TT00204_00172.950-00174.600,འོ་ད་དེ་རྩ་བ་ཉིད་ནས་མ་བྱེད་གསུངས་པ་རེད་ད།  ,'o da de rtsa ba nyid nas ma byed gsungs pa red da/__,https://d38pmlk0v88drf.cloudfront.net/wav16k/STT_TT00204_00172.950-00174.600.wav,STT_TT,3,43,1.6500000000000057,wav16k/STT_TT00204_00172.950-00174.600.wav,འོ་ད་འདི་རྩ་བ་ཉིད་ནས་མ་བྱེད་གསུངས་པ་རེད་ད།
STT_TT00204_00199.750-00201.700,ལས་ཀ་འདི་བྱས་པའི་གཞུག་གུ་ལ་ཡ། འབྲས་བུ་འདི་ཐོན།  ,las ka 'di byas pa'i gzhug gu la ya/_'bras bu 'di thon/__,https://d38pmlk0v88drf.cloudfront.net/wav16k/STT_TT00204_00199.750-00201.700.wav,STT_TT,3,48,1.9499999999999889,wav16k/STT_TT00204_00199.750-00201.700.wav,ལས་ཀ་འདི་བྱས་པའི་གཞུག་གུ་ལ་ཡ། འབྲས་བུ་འདི་ཐོན།
STT_TT00204_00202.200-00204.000,དེ་ཡག་པོ་བྱུང་མི་འདུག ཨོ་དེ་འདྲའི་འདྲ་བྱས།  ,de yag po byung mi 'dug_o de 'dra'i 'dra byas/__,https://d38pmlk0v88drf.cloudfront.net/wav16k/STT_TT00204_00202.200-00204.000.wav,STT_TT,3,44,1.8000000000000114,wav16k/STT_TT00204_00202.200-00204.000.wav,འདི་ཡག་པོ་བྱུང་མི་འདུག གྱོང་དེ་འདྲ་རག་ཤག
STT_TT00204_00204.450-00206.800,ག་རེ་ཟེར་ན། སྔ་མ་དགུ་བཅུའི་ནང་ལ་ཡ། ཨིན་འདྲ་ཨིན་འདྲ་ཨིན་འདྲ་བྱུང་ཤག ,ga re zer na/_snga ma dgu bcu'i nang la ya/_in 'dra in 'dra in 'dra byung shag_,https://d38pmlk0v88drf.cloudfront.net/wav16k/STT_TT00204_00204.450-00206.800.wav,STT_TT,3,67,2.3500000000000227,wav16k/STT_TT00204_00204.450-00206.800.wav,ག་རེ་ཟེར་ན། སྔ་མོ་ལོ་རྒྱུས་ནང་ལ་ཡ། ཨེ་འདྲ་ཨེ་འདྲ་ཨེ་འདྲ་འདྲ་བྱུང་ཤག
STT_TT00204_00207.150-00208.850,དེར་སོང་ཙང་། གཞུག་གུ་གཞུག་གུ་དེར་གྱོང་དེ་འདྲ་རག་ཤག ,der song tsang /_gzhug gu gzhug gu der gyong de 'dra rag shag_,https://d38pmlk0v88drf.cloudfront.net/wav16k/STT_TT00204_00207.150-00208.850.wav,STT_TT,3,51,1.6999999999999886,wav16k/STT_TT00204_00207.150-00208.850.wav,དེ་སོང་ཙང་།གཞུག་གུ་གཞུག་གུ་དེ་གྱོང་དེ་འདྲ་རག་རེད།
STT_TT00204_00175.050-00179.000,ད་དཔེར་ན་ང་ཚོ་སྤྱི་ཚོགས་གང་ལ་ཡིན་ན་ཡང་འདྲ་འདུག དགོན་པའི་ནང་ལ་ཡིན་ན་ཡང་འདྲ་འདུག་ག་རེ་ཡིན་ན་ཡང་།  ,da dper na nga tsho spyi tshogs gang la yin na yang 'dra 'dug_dgon pa'i nang la yin na yang 'dra 'dug ga re yin na yang /__,https://d38pmlk0v88drf.cloudfront.net/wav16k/STT_TT00204_00175.050-00179.000.wav,STT_TT,3,96,3.9499999999999886,wav16k/STT_TT00204_00175.050-00179.000.wav,ད་དཔེར་ན། ང་ཚོ། སྤྱི་ཚོགས་སྒང་ལ་ཡིན་ནའང་འདྲ་འདུག དགོན་པའི་ནང་ལ་ཡིན་ནའང་འདྲ་འདུག ག་རེ་ཡིན་ནའང་།
STT_TT00204_00209.350-00211.750,ད་སྔ་མ་དགུ་བཅུའི་ནང་ལ་ཡ། འདི་འདྲ་འདི་འདྲ་འདི་འདྲ་འདི་འདྲ་ བྱས་ཤག ,da snga ma dgu bcu'i nang la ya/_'di 'dra 'di 'dra 'di 'dra 'di 'dra _byas shag_,https://d38pmlk0v88drf.cloudfront.net/wav16k/STT_TT00204_00209.350-00211.750.wav,STT_TT,3,65,2.4000000000000057,wav16k/STT_TT00204_00209.350-00211.750.wav,ད་སྔ་མོ་ལོ་རྒྱུས་ནང་ལ་ཡ། དེ་འདྲ་དེ་འདྲ།་དེ་འདྲ་དེ་འདྲ་བྱས་ཤག
STT_TT00204_00211.900-00213.700,དེ་གཞུག་གུ་དེར་ཁེས་བཟང་དེ་འདྲ་རག་ཤག ,de gzhug gu der khes bzang de 'dra rag shag_,https://d38pmlk0v88drf.cloudfront.net/wav16k/STT_TT00204_00211.900-00213.700.wav,STT_TT,3,36,1.799999999999983,wav16k/STT_TT00204_00211.900-00213.700.wav,འདིའི་གཞུག་གུ་དེ།་ཁེ་བཟང་དེ་འདྲ་རག་ཤག
STT_TT00204_00213.950-00217.000,བདེ་སྐྱིད་འདི་འདྲ་ཐོབ་ཤག འདི་བྱེད་དགོས་ཀིས་འདུག་ཟེར་ནས། ང་ཚོ་འདི་ལས་ཡག་ག་ལ།  ,bde skyid 'di 'dra thob shag_'di byed dgos kis 'dug zer nas/_nga tsho 'di las yag ga la/__,https://d38pmlk0v88drf.cloudfront.net/wav16k/STT_TT00204_00213.950-00217.000.wav,STT_TT,3,77,3.050000000000012,wav16k/STT_TT00204_00213.950-00217.000.wav,བདེ་སྐྱིད་དེ་འདྲ་ཐོབ་བཞག་་ན། འདི་བྱེད་དགོས་ཀི་འདུག་བསམ། ང་ཚོ་འདི་ལེན་ཡ་རེད་བ།
STT_TT00204_00217.400-00219.700,འདི་མ་རྟོགས་པ་ང་ཚོའི་ལོ་རྒྱུས་ཅན་གྱིས་བརྟེན་ནས་ག་གེ་ཕན་ཐོག་ཡ་མེད་པ།  ,'di ma rtogs pa nga tsho'i lo rgyus can gyis brten nas ga ge phan thog ya med pa/__,https://d38pmlk0v88drf.cloudfront.net/wav16k/STT_TT00204_00217.400-00219.700.wav,STT_TT,3,69,2.299999999999983,wav16k/STT_TT00204_00217.400-00219.700.wav,འདི་མ་གཏོགས་པ། ང་ཚོ་ལོ་རྒྱུས་སྦྱང་གི་བསྡད་ན། ག་གེ་ཕན་ཐོགས་ཡ་མེད་པ།
STT_TT00204_00179.250-00180.600,ང་ཚོ་ལོ་རྒྱུས་སློབ་སྦྱོང་བྱེད་གི་ཡོད་རེད་ད།  ,nga tsho lo rgyus slob sbyong byed gi yod red da/__,https://d38pmlk0v88drf.cloudfront.net/wav16k/STT_TT00204_00179.250-00180.600.wav,STT_TT,3,45,1.3499999999999943,wav16k/STT_TT00204_00179.250-00180.600.wav,ང་ཚོ་ལོ་རྒྱུས་སློབ་སྦྱོང་བྱེད་ཀི་ཡོད་རེད་བ།
STT_TT00204_00180.850-00187.450,སྔ་མ་སྲོང་བཙན་ཁ་ཐུག་ལ་དེ་འདྲ་དེ་འདྲ་དེ་འདྲ་བྱུང་པ་རེད། ཁྲི་སྲོང་ཁ་ཐུག་ལ་ཡ་དེ་དེ་འདྲ་དེ་འདྲ་དེ་འདྲ་བྱུང་པ་རེད། འོ་ཁ་སེང་ང་ཚོ་ཉི་མ་དང་པོ་ཉིན་གར་ལོ་རྒྱུས་སྐོར་གི་གནས་ཚུལ་ཞི་དྲགས་ཞུས་སོང་བ།  ,snga ma srong btsan kha thug la de 'dra de 'dra de 'dra byung pa red/_khri srong kha thug la ya de de 'dra de 'dra de 'dra byung pa red/_'o kha seng nga tsho nyi ma dang po nyin gar lo rgyus skor gi gnas tshul zhi drags zhus song ba/__,https://d38pmlk0v88drf.cloudfront.net/wav16k/STT_TT00204_00180.850-00187.450.wav,STT_TT,3,187,6.599999999999994,wav16k/STT_TT00204_00180.850-00187.450.wav,སྔ་མ་སུང་བཙན་ཁ་ཐུག་ལ། དེ་འདྲ་དེ་འདྲ་དེ་འདྲ་བྱུང་པ་རེད། ཁྲི་སྲོང་ཁ་ཐུག་ལ་ཡ། དེ་འདྲ་དེ་འདྲ་དེ་འདྲ་བྱུང་པ་རེད། འོ་ཁ་སང་ང་ཚོ་ཉི་མ་དང་པོའ་ཉིན་ག། ལོ་རྒྱུས་སྐོར་གི་གནས་ཚུལ་ཞེ་དྲག་ཞུས་སོང་ང་།
STT_TT00204_00220.200-00225.100,ཁོ་འདས་པ་ནི་འདས་པ་རང་རེད། མ་འོང་པ་ནི་མ་འོང་པ་རང་རེད། ང་ཚོས་འདི་འདས་པ་ལ་ལྟོས་ནས། སྐྱར་ལོག་རྒྱག་གིས་བསྡད་ནས། ག་གེ་ཞིག་ཕན་ཐོག་ཡ་མེད་པ།  ,kho 'das pa ni 'das pa rang red/_ma 'ong pa ni ma 'ong pa rang red/_nga tshos 'di 'das pa la ltos nas/_skyar log rgyag gis bsdad nas/_ga ge zhig phan thog ya med pa/__,https://d38pmlk0v88drf.cloudfront.net/wav16k/STT_TT00204_00220.200-00225.100.wav,STT_TT,3,133,4.900000000000006,wav16k/STT_TT00204_00220.200-00225.100.wav,ཁོ་འདས་པ་ིན་ནི་འདད་པ་རང་རེད། མ་འོངས་པ་ན། མ་འོངས་པ་རང་རེད། ང་ཚོ་འདི་འྡད་པ་ན་ཚུ་ཡ་བསྐྱར་ལོག་རྒྱག་གི་བསྡད་ནས། ག་གེ་ཅིག་ཕན་ཐོགས་ཡ་མེད་པ།
STT_TT00204_00225.600-00226.800,ཡིན་ནའང་དེ་ནས་བསླབ་བྱ་ལེན་ཡ།  ,yin na'ang de nas bslab bya len ya/__,https://d38pmlk0v88drf.cloudfront.net/wav16k/STT_TT00204_00225.600-00226.800.wav,STT_TT,3,30,1.200000000000017,wav16k/STT_TT00204_00225.600-00226.800.wav,ཡིན་ནའང་། འདི་ནས་བསླབ་བྱ་ལེན་ཡ།
STT_TT00204_00227.150-00228.750,དཔེར་ན་ང་རང་ཚོའི་ཅིག་ངོས་ནས་ཆ་མཚོན་པ་ཡིན་ན།  ,dper na nga rang tsho'i cig ngos nas cha mtshon pa yin na/__,https://d38pmlk0v88drf.cloudfront.net/wav16k/STT_TT00204_00227.150-00228.750.wav,STT_TT,3,45,1.5999999999999943,wav16k/STT_TT00204_00227.150-00228.750.wav,དཔེར་ན། ང་རང་ཚོ་ཅིག་ག་ངོས་ནས་ཆ་མཚོན་པ་ཡིན་ན།
STT_TT00204_00228.950-00230.400,ཨོ་མི་ལ་སེམས་བཟང་པོ་བྱེད་དགོས་ཀི་འདུག ,o mi la sems bzang po byed dgos ki 'dug_,https://d38pmlk0v88drf.cloudfront.net/wav16k/STT_TT00204_00228.950-00230.400.wav,STT_TT,3,38,1.450000000000017,wav16k/STT_TT00204_00228.950-00230.400.wav,འོ་མི་ལ་སེམས་བཟང་པོ་བྱེད་དགོས་ཀི་འདུག
STT_TT00204_00262.650-00265.000,དེ་ག་ནང་བཞིན་འདས་པའི་གནས་ཚུལ་ལ་ལྟས་ཡོང་དུས། རྗེ་བཙུན་མི་ལ་ཟེར་ངེ།  ,de ga nang bzhin 'das pa'i gnas tshul la ltas yong dus/_rje btsun mi la zer nge/__,https://d38pmlk0v88drf.cloudfront.net/wav16k/STT_TT00204_00262.650-00265.000.wav,STT_TT,3,67,2.3500000000000227,wav16k/STT_TT00204_00262.650-00265.000.wav,ད་ག་ནང་བཞིན་འདས་པའི་གནས་ཚུལ་ལ་བལྟས་ཡོང་དུས་དེ་བ། རྗེ་བཙུན་མི་ལ་ཟེར་ཉེ།
STT_TT00204_00265.300-00266.850,ཨ་མོ་དེ་ག་འདྲ་མོ་ཞིག་བྱུང་།  ,a mo de ga 'dra mo zhig byung /__,https://d38pmlk0v88drf.cloudfront.net/wav16k/STT_TT00204_00265.300-00266.850.wav,STT_TT,3,29,1.5500000000000114,wav16k/STT_TT00204_00265.300-00266.850.wav,ཨ་མའོ། ད་ག་རྲ་མོ་ཞིག་བྱུང་།
STT_TT00204_00267.550-00269.400,ཨེ་ནས་ང་ཚོའི་ཤེས་ས་ཁོ་རང་ལ་ཡ།  ,e nas nga tsho'i shes sa kho rang la ya/__,https://d38pmlk0v88drf.cloudfront.net/wav16k/STT_TT00204_00267.550-00269.400.wav,STT_TT,3,31,1.849999999999966,wav16k/STT_TT00204_00267.550-00269.400.wav,ཨེ་ནས། ང་ཚོས་ཤེས་ས་ཁོ་རང་ལ་ཡ།
STT_TT00204_00269.950-00273.500,ལམ་རིམ་པ་ཟེར་དུས། ད་འབྲས་སྤུངས་ཀི་བླ་མ་བསམ་གྱི་མི་ཁྱབ་པ་དེ་ག་འདྲ་མོ་ཞིག་བྱུང་སོང་ང་།  ,lam rim pa zer dus/_da 'bras spungs ki bla ma bsam gyi mi khyab pa de ga 'dra mo zhig byung song nga /__,https://d38pmlk0v88drf.cloudfront.net/wav16k/STT_TT00204_00269.950-00273.500.wav,STT_TT,3,86,3.550000000000012,wav16k/STT_TT00204_00269.950-00273.500.wav,ལམ་རིམ་པ་ཟེར་དུས། ད་འབྲས་སྤུངས་ཀི་བླ་མ་བསམ་གྱི་མི་ཁྱབ་པ། ད་ག་འདྲ་མོ་ཞིག་བྱུང་སོང་ང་།
STT_TT00204_00274.150-00276.300,ཆུང་ཆུང་སྒང་ལ་ཁམས་ནས་ཡར་ཕེབས། ལོ་བཅུ་བདུན་བཅོ་བརྒྱད་རྩ་ལ་ ,chung chung sgang la khams nas yar phebs/_lo bcu bdun bco brgyad rtsa la _,https://d38pmlk0v88drf.cloudfront.net/wav16k/STT_TT00204_00274.150-00276.300.wav,STT_TT,3,58,2.150000000000034,wav16k/STT_TT00204_00274.150-00276.300.wav,ཆུང་ཆུང་སྒངས་ལ་ཁམས་ནས་ཡར་ཕེབས། ལོ་བཅུ་བདུན་བཅོ་བརྒྱད་ཙི་ལོ།
STT_TT00204_00276.550-00277.200,ཕ་ཡུལ་ནས་ཡར།  ,pha yul nas yar/__,https://d38pmlk0v88drf.cloudfront.net/wav16k/STT_TT00204_00276.550-00277.200.wav,STT_TT,3,14,0.6499999999999773,wav16k/STT_TT00204_00276.550-00277.200.wav,ཕ་ཡུལ་ནས་ཡར་ཕེབས།
STT_TT00204_00277.550-00279.250,འབྲས་སྤུངས་དགོན་པ་ལ་སྐུ་ཚེ་ཧྲིལ་བོ་བཞུགས་ ,'bras spungs dgon pa la sku tshe hril bo bzhugs _,https://d38pmlk0v88drf.cloudfront.net/wav16k/STT_TT00204_00277.550-00279.250.wav,STT_TT,3,42,1.6999999999999886,wav16k/STT_TT00204_00277.550-00279.250.wav,འབྲས་སྤུངས་དགོན་པ་ལ། སྐུ་ཚེ་ཧྲེལ་པོ་ཞིག
STT_TT00204_00279.950-00283.800,བྱང་ཆུབ་ཀི་སེམས་དངོས་གཞི་རྒྱུད་ལ་སྐྱེས། སྟོང་ཉིད་རྟོགས་པའི་ཤེས་རབ་དེ་ཚོ་གང་ག་རྒྱུད་ལ་སྐྱེས་བྱས།  ,byang chub ki sems dngos gzhi rgyud la skyes/_stong nyid rtogs pa'i shes rab de tsho gang ga rgyud la skyes byas/__,https://d38pmlk0v88drf.cloudfront.net/wav16k/STT_TT00204_00279.950-00283.800.wav,STT_TT,3,97,3.850000000000023,wav16k/STT_TT00204_00279.950-00283.800.wav,བྱང་ཆུབ་ཀི་སེམས་དངོས་གཞི་རྒྱུད་ལ་སྐྱེས། སྟོང་ཉིད་རྟོགས་པའི་ཤེས་རབ་དེ་ཚོ་གང་ག་རྒྱུད་ལ་སྐྱེས་བྱས།
STT_TT00204_00284.200-00285.850,གཞུག་གུ་དཔེ་ས་ཆེན་པོ་ལ་ཕེབས་བསྡད་རྒྱོ་གི་ ,gzhug gu dpe sa chen po la phebs bsdad rgyo gi _,https://d38pmlk0v88drf.cloudfront.net/wav16k/STT_TT00204_00284.200-00285.850.wav,STT_TT,3,42,1.650000000000034,wav16k/STT_TT00204_00284.200-00285.850.wav,གཞུག་གུ་དཔེ་ས་ཆེན་པོ་ལ་ཕེབས་བསྡད་རྒྱོ་གི
STT_TT00204_00287.350-00288.850,ས་ཐོབ་རྒྱོ་གི་བླ་མ་བསམ་གི་མི་ཁྱབ་པ་ཞིག་རེད།  ,sa thob rgyo gi bla ma bsam gi mi khyab pa zhig red/__,https://d38pmlk0v88drf.cloudfront.net/wav16k/STT_TT00204_00287.350-00288.850.wav,STT_TT,3,45,1.5,wav16k/STT_TT00204_00287.350-00288.850.wav,ཐ་ཐོབ་རྒྱོ་གི་བླ་མ་བསམ་གྱིས་མི་ཁྱབ་པ་ཅིག་རེད།
STT_TT00204_00289.350-00290.850,ང་ཚོས་རྦད་དུ་གཏན་ཁས་བྱེད་ཐུབ་ཀི་རེད།  ,nga tshos rbad du gtan khas byed thub ki red/__,https://d38pmlk0v88drf.cloudfront.net/wav16k/STT_TT00204_00289.350-00290.850.wav,STT_TT,3,38,1.5,wav16k/STT_TT00204_00289.350-00290.850.wav,ང་ཚོས་རྦད་དེ་གཏན་ཁེལ་བྱེད་ཐུབ་ཀི་རེད།
STT_TT00204_00291.600-00295.150,གཏན་ཁས་བྱེད་དགོས་ཡ་དེ། ངའི་དགེ་རྒན་སོང་ཙང་ངས་ཞེན་ཁོག་གིས་བྱེད་བྱས། གཏན་ཁས་བྱས་ཟིན་པ་མ་རེད་ད།  ,gtan khas byed dgos ya de/_nga'i dge rgan song tsang ngas zhen khog gis byed byas/_gtan khas byas zin pa ma red da/__,https://d38pmlk0v88drf.cloudfront.net/wav16k/STT_TT00204_00291.600-00295.150.wav,STT_TT,3,94,3.5499999999999545,wav16k/STT_TT00204_00291.600-00295.150.wav,གཏན་ཁེལ་བྱེད་དགོས་ཡ་འདི། ངའི་དགེ་རྒན་སོང་ཙང་། ངའི་ཞེན་ཁོག་གིས་བྱས་བྱས། གཏན་ཁེལ་བྱེད་ཀི་ཡོད་མ་རེད་དཱ།
STT_TT00204_00295.550-00296.600,ཕ་གིའི་བཀའ་མོལ་གསུངས་སྟངས།  ,pha gi'i bka' mol gsungs stangs/__,https://d38pmlk0v88drf.cloudfront.net/wav16k/STT_TT00204_00295.550-00296.600.wav,STT_TT,3,28,1.0500000000000114,wav16k/STT_TT00204_00295.550-00296.600.wav,ཕ་གེ་བཀའ་མོལ་གསུང་སྟངས།
STT_TT00204_00296.800-00297.800,ཕ་གིའི་དགོངས་པ་བཞེས་སྟངས།  ,pha gi'i dgongs pa bzhes stangs/__,https://d38pmlk0v88drf.cloudfront.net/wav16k/STT_TT00204_00296.800-00297.800.wav,STT_TT,3,27,1.0,wav16k/STT_TT00204_00296.800-00297.800.wav,ཕ་གེ་དགོངས་པ་བཞེས་སྟངས།
STT_TT00204_00298.150-00300.100,ཕ་གིའི་གནང་སྟངས། དཔེ་ཆ་ནང་ལ་བཤད་ཡོང་དུས་དེ་བ།  ,pha gi'i gnang stangs/_dpe cha nang la bshad yong dus de ba/__,https://d38pmlk0v88drf.cloudfront.net/wav16k/STT_TT00204_00298.150-00300.100.wav,STT_TT,3,47,1.9500000000000453,wav16k/STT_TT00204_00298.150-00300.100.wav,ཕ་གི་གནང་སྟངས། དཔེ་ཆི་ནང་ལ་བཤད་ཡོང་དུས་དེ་བ།
STT_TT00204_00300.450-00301.300,ས་དང་པོ་ལ་འདི་འདྲ་ཞིག་ཡོང་གིས།  ,sa dang po la 'di 'dra zhig yong gis/__,https://d38pmlk0v88drf.cloudfront.net/wav16k/STT_TT00204_00300.450-00301.300.wav,STT_TT,3,32,0.8500000000000227,wav16k/STT_TT00204_00300.450-00301.300.wav,ས་དང་པོ་ལ་དེ་འདྲ་ཞིག་ཡོང་།
STT_TT00204_00301.600-00303.650,ས་གཉིས་པ་ལ་འདི་འདྲ་ཞིག་ཡོང་གི་རེད་ཟེར་ཡ། དེ་གས་ལྟས་ཡོང་དུས།  ,sa gnyis pa la 'di 'dra zhig yong gi red zer ya/_de gas ltas yong dus/__,https://d38pmlk0v88drf.cloudfront.net/wav16k/STT_TT00204_00301.600-00303.650.wav,STT_TT,3,61,2.0499999999999545,wav16k/STT_TT00204_00301.600-00303.650.wav,ས་གཉིས་པ་ལ་དེ་འདྲ་ཞིག་ཡོང་གི་ད་ཟེར་ཡ། དེ་གས་བལྟས་ཡོང་དུས་དེ་བ།
STT_TT00204_00303.850-00304.750,ཏག་ཏག་འགྲོ་གིས་འདུག་ག ,tag tag 'gro gis 'dug ga_,https://d38pmlk0v88drf.cloudfront.net/wav16k/STT_TT00204_00303.850-00304.750.wav,STT_TT,3,22,0.8999999999999773,wav16k/STT_TT00204_00303.850-00304.750.wav,ཏག་ཏག་འགྲོ་གི་འདུག་གཱ
STT_TT00204_00305.100-00308.500,ཨོ་དེ་འདྲ་བླ་མ་བསམ་གི་མི་ཁྱབ་པ་ཞིག ང་ཚོའི་འདས་པའི་ལོ་རྒྱུས་ནང་ལ་ཡ། བལྟས་ཡོང་དུས་དེ་བ་བྱུང་སོང་ང་།  ,o de 'dra bla ma bsam gi mi khyab pa zhig_nga tsho'i 'das pa'i lo rgyus nang la ya/_bltas yong dus de ba byung song nga /__,https://d38pmlk0v88drf.cloudfront.net/wav16k/STT_TT00204_00305.100-00308.500.wav,STT_TT,3,99,3.3999999999999773,wav16k/STT_TT00204_00305.100-00308.500.wav,འོ་དེ་འདྲ་གི་བླ་མ་བསམ་གྱིས་མི་ཁྱབ་པ་ཞིག ང་ཚོ་འདས་པའི་ལོ་རྒྱུས་ནང་ལ་ཡ་བལྟས་ཡོང་དུས་དེ་བ། བྱུང་སོང་ང་།
STT_TT00204_00308.700-00310.250,ད་འདི་གས་ང་ཚོའི་ཅིག་བསླབ་བྱ་ལེན་ཡ།  ,da 'di gas nga tsho'i cig bslab bya len ya/__,https://d38pmlk0v88drf.cloudfront.net/wav16k/STT_TT00204_00308.700-00310.250.wav,STT_TT,3,36,1.5500000000000114,wav16k/STT_TT00204_00308.700-00310.250.wav,ད་འདི་གས་ང་ཚོས་ཚུར་བསླབ་བྱ་ལེན་ཡ་དེ།
STT_TT00204_00310.750-00313.800,དེ་སོང་ཙང་འདས་པའི་གནས་ཚུལ་ལྟས་བྱས། བག་ཡོད་སྒོམ་ཤོག་བྱས་ནས།  ,de song tsang 'das pa'i gnas tshul ltas byas/_bag yod sgom shog byas nas/__,https://d38pmlk0v88drf.cloudfront.net/wav16k/STT_TT00204_00310.750-00313.800.wav,STT_TT,3,60,3.050000000000012,wav16k/STT_TT00204_00310.750-00313.800.wav,དེ་སོང་ཙང་། འདས་པའི་གནས་ཚུལ་ལ་བརྟེན་བྱས། བག་ཡོད་སྒོམ་ཤོག་བྱས་ནས།
STT_TT00204_00314.200-00315.750,འཕགས་པ་ཐོགས་མེད་ཀི་ཀུན་བཏུས་ནང་ལ་འདི་འདྲ་ཞིག་གསུངས་བཞག་ཡོད་པ་རེད།  ,'phags pa thogs med ki kun btus nang la 'di 'dra zhig gsungs bzhag yod pa red/__,https://d38pmlk0v88drf.cloudfront.net/wav16k/STT_TT00204_00314.200-00315.750.wav,STT_TT,3,67,1.5500000000000114,wav16k/STT_TT00204_00314.200-00315.750.wav,འཕགས་པ་ཐོགས་མེད་ཀུན་འདུ་ནང་དེ་འདྲ་ིག་གསུངས་བཞག་ཡོད་རེད།
STT_TT00204_00187.800-00193.750,ལོ་རྒྱུས་སློབ་སྦྱོང་བྱེད་གི་ཡོད་རེད། ལོ་རྒྱུས་སློབ་སྦྱོང་བྱེད་ཡ་འདི་སྔ་མོའི་མི་ཚོས་ག་རེ་བྱེད་འདུག་ཟེར་ན། དེ་འདྲས་ཇུས་གཏོགས་བྱེད་པའི་སྐད་ཆ་མ་རེད་ད།  ,lo rgyus slob sbyong byed gi yod red/_lo rgyus slob sbyong byed ya 'di snga mo'i mi tshos ga re byed 'dug zer na/_de 'dras jus gtogs byed pa'i skad cha ma red da/__,https://d38pmlk0v88drf.cloudfront.net/wav16k/STT_TT00204_00187.800-00193.750.wav,STT_TT,3,148,5.949999999999989,wav16k/STT_TT00204_00187.800-00193.750.wav,ལོ་རྒྱུས་སློབ་སྦྱོང་བྱེད་ཀི་ཡོད་རེད། ལོ་རྒྱུས་སློབ་སྦྱོང་བྱེད་ཡ་འདི། སྔ་མོའི་མི་ཚོས་ག་རེ་བྱས་འདུག་ཟེར་ན། དེ་འདྲ་ཇུས་གཏོགས་བྱས་པའི་སྐད་ཆ་མ་རེད་དཱ།
STT_TT00204_00316.250-00322.650,ད་འདས་པའི་གནས་ཚུལ་ཁག་གཅིག་ལ་ཡ། མི་ཁ་ཤས་ཀིས་འདི་འདྲ་འདི་འདྲ་འདི་འདྲ་བྱས་པ་ལ་བརྟེན་བྱས། དཔེར་ན་བག་ཡོད་ལག་ལེན་གཏར་བ་ལ་རྟེན་བྱས་ཁེས་བཟང་འདི་རག ,da 'das pa'i gnas tshul khag gcig la ya/_mi kha shas kis 'di 'dra 'di 'dra 'di 'dra byas pa la brten byas/_dper na bag yod lag len gtar ba la rten byas khes bzang 'di rag_,https://d38pmlk0v88drf.cloudfront.net/wav16k/STT_TT00204_00316.250-00322.650.wav,STT_TT,3,139,6.399999999999977,wav16k/STT_TT00204_00316.250-00322.650.wav,ད་འདས་པའི་གནས་ཚུལ་ཁག་ཅིག་ལ་ཡ། མི་ཁ་ཤས་ཀིས དེ་འདྲ་དེ་འདྲ་དེ་འདྲ་བྱས་པ་ལ་བརྟེན་བྱས། དཔེར་ན་ ང་ཚོས་བག་ཡོད་ལག་ལེན་བསྟར་པ་ལ་བརྟེན་བྱས། ཁེ་བཟང་འདི་རག
STT_TT00204_00323.400-00325.150,བག་མེད་ལག་ལེན་གཏར་བ་ལ་བརྟེན་བྱས་གྱོང་འདི་རག ,bag med lag len gtar ba la brten byas gyong 'di rag_,https://d38pmlk0v88drf.cloudfront.net/wav16k/STT_TT00204_00323.400-00325.150.wav,STT_TT,3,44,1.75,wav16k/STT_TT00204_00323.400-00325.150.wav,བག་མེད་ལག་ལེན་བསྟར་པ་ལ་བརྟེན་བྱས། གྱོང་འདི་རེད།
STT_TT00204_00194.250-00197.600,གཙོ་བོ་གཙོ་བོ་ག་རེ་ཟེར་ན་ང་ཚོ་འདས་པའི་གནས་ཚུལ་ལ་བལྟས་བྱས་བསླབ་བྱ་ལེན་ཡ་དེ་རེད།  ,gtso bo gtso bo ga re zer na nga tsho 'das pa'i gnas tshul la bltas byas bslab bya len ya de red/__,https://d38pmlk0v88drf.cloudfront.net/wav16k/STT_TT00204_00194.250-00197.600.wav,STT_TT,3,80,3.3499999999999943,wav16k/STT_TT00204_00194.250-00197.600.wav,གཙོ་བོ་གཙོ་བོ་དེ་ག་རེ་ཟེར་ནུ། ང་ཚོ་འདས་པའི་གནས་ཚུལ་ལ་བལྟས་བྱས། བསླབ་བྱ་ལེན་ཡ་དེ།
STT_TT00204_00230.750-00231.800,བྱང་ཆུབ་གི་སེམས་བསྐྱེད་དགོས་གི་འདུག་ ,byang chub gi sems bskyed dgos gi 'dug _,https://d38pmlk0v88drf.cloudfront.net/wav16k/STT_TT00204_00230.750-00231.800.wav,STT_TT,3,37,1.0500000000000114,wav16k/STT_TT00204_00230.750-00231.800.wav,བྱང་ཆུབ་ཀི་སེམས་བསྐྱེད་དགོས་ཀི་འདུག
STT_TT00204_00325.800-00327.550,སྤྱི་ཚོགས་སྒང་ལ་ཡིན་ནའང་འདྲ་གྱོང་ཆེན་མ་གཏོགས་ ,spyi tshogs sgang la yin na'ang 'dra gyong chen ma gtogs _,https://d38pmlk0v88drf.cloudfront.net/wav16k/STT_TT00204_00325.800-00327.550.wav,STT_TT,3,46,1.75,wav16k/STT_TT00204_00325.800-00327.550.wav,སྤྱི་ཚོགས་སྒང་ལ་ཡིན་ན་འང་འདྲ། གྱོང་ཅིག་མ་གཏོགས།
STT_TT00204_00232.250-00233.750,ཆོས་དེ་སྤུས་དག་པོ་ཅིག་བྱེད་དགོས་གི་འདུག་ ,chos de spus dag po cig byed dgos gi 'dug _,https://d38pmlk0v88drf.cloudfront.net/wav16k/STT_TT00204_00232.250-00233.750.wav,STT_TT,3,41,1.5,wav16k/STT_TT00204_00232.250-00233.750.wav,ཆོས་འདི་སྤུས་དག་པོ་ཞིག་བྱེད་དགོས་ཀི་འདུག
STT_TT00204_00327.850-00329.100,ཁེ་བཟང་རྩ་བ་ཉིད་ནས་ཡོད་པ་མ་རེད།  ,khe bzang rtsa ba nyid nas yod pa ma red/__,https://d38pmlk0v88drf.cloudfront.net/wav16k/STT_TT00204_00327.850-00329.100.wav,STT_TT,3,33,1.25,wav16k/STT_TT00204_00327.850-00329.100.wav,ཁེ་ཟང་རྩ་བ་ཉིད་ནས་ཡོད་མ་རེད།
STT_TT00204_00329.650-00330.950,ཆོས་དང་མ་མཐུན་པ་སྣང་བ་སྐྱིད་པོ་བྱས་ཀི་ཡོད་པ་རེད་ད།  ,chos dang ma mthun pa snang ba skyid po byas ki yod pa red da/__,https://d38pmlk0v88drf.cloudfront.net/wav16k/STT_TT00204_00329.650-00330.950.wav,STT_TT,3,52,1.3000000000000114,wav16k/STT_TT00204_00329.650-00330.950.wav,ཆོས་དང་མ་མཐུན་པའི་སྣང་བ་སྒྱུད་པ་ཟེར་གི་ཡོད་རེད་ད།
STT_TT00204_00331.300-00332.650,ཡང་སྣང་བ་སྐྱིད་པོ་བྱེད་ཤོར་གི་རེད་ད། ཡང་།  ,yang snang ba skyid po byed shor gi red da/_yang /__,https://d38pmlk0v88drf.cloudfront.net/wav16k/STT_TT00204_00331.300-00332.650.wav,STT_TT,3,43,1.349999999999966,wav16k/STT_TT00204_00331.300-00332.650.wav,ཡང་སྣང་བ་སྐྱིད་པོ་བྱེད་ཆོག་གི་རེད་དཱ་ཡང་།
STT_TT00204_00333.050-00335.700,སྣང་བ་སྐྱིད་པོ་བྱེད་ཆོག་གི་རེད། ཆོས་དང་མ་མཐུན་པའི་སྣང་བ་སྐྱིད་པོ། ད་འདའ་བག་མེད་ཟེར་ཡ་ཞིག་ཡོད་པ་རེད།  ,snang ba skyid po byed chog gi red/_chos dang ma mthun pa'i snang ba skyid po/_da 'da' bag med zer ya zhig yod pa red/__,https://d38pmlk0v88drf.cloudfront.net/wav16k/STT_TT00204_00333.050-00335.700.wav,STT_TT,3,101,2.6499999999999773,wav16k/STT_TT00204_00333.050-00335.700.wav,སྣང་བ་སྐྱིད་པོ་བྱེད་ཆོག་གི་རེད། ཆོས་དང་མ་མཐུན་པའི་སྣང་བ་སྐྱེད་པ། ད་ལྟ་བག་མེད་ཟེར་ཡ་ཅིག་ཡོད་རེད།
STT_TT00204_00234.050-00238.400,དད་པ་ཡོད་པ་ཅིག་བྱེད་དགོས་གི་འདུག ག་རེ་ཟེར་ན་སྔ་མོ་ལོ་རྒྱུས་གི་ཐོག་ལ་ཡ། གཅིག་གཅིག་སྨྲ་སྨྲ་གཅིག་གི།  ,dad pa yod pa cig byed dgos gi 'dug_ga re zer na snga mo lo rgyus gi thog la ya/_gcig gcig smra smra gcig gi/__,https://d38pmlk0v88drf.cloudfront.net/wav16k/STT_TT00204_00234.050-00238.400.wav,STT_TT,3,99,4.349999999999994,wav16k/STT_TT00204_00234.050-00238.400.wav,དད་པ་ཡོད་པ་ཅིག་བྱེད་དགོས་ཀི་འདུག ག་རེ་ཟེར་ན། སྔ་མོ་ལོ་རྒྱུས་ཀི་ཐོག་ལ་ཡ། ཅི་ཙི་མ་མ་ཅིག་གིས་
STT_TT00204_00238.550-00243.450,ཆོས་མ་བྱེད་པ་དང་བླ་མ་ལ་ཁ་བཏང་པ་དང་དེ་འདྲས་གི་གནས་ཚུལ་གི་སྟེང་ནས། འོ་ཚེ་འདི་ལ་ཡ་སྡུག་པོ་དེ་འདྲས་དེ་འདྲས་མྱང་།  ,chos ma byed pa dang bla ma la kha btang pa dang de 'dras gi gnas tshul gi steng nas/_'o tshe 'di la ya sdug po de 'dras de 'dras myang /__,https://d38pmlk0v88drf.cloudfront.net/wav16k/STT_TT00204_00238.550-00243.450.wav,STT_TT,3,110,4.899999999999977,wav16k/STT_TT00204_00238.550-00243.450.wav,ཆོས་མ་བྱས་པ་དཱ་། བླ་མ་ལ་ཁ་བཏང་པ་དཱ་། དེ་འདྲ་གི་གནས་ཚུལ་གི་སྟེང་ནས། འོ་ཚེ་འདི་ལ་ཡ། སྡུག་པོ་དེ་འདྲ་དེ་འདྲ་མྱངས།
STT_TT00204_00336.200-00337.650,ཉེས་པ་ལ་ཉེས་པར་མི་འཛིན་པ་བྱས།  ,nyes pa la nyes par mi 'dzin pa byas/__,https://d38pmlk0v88drf.cloudfront.net/wav16k/STT_TT00204_00336.200-00337.650.wav,STT_TT,3,31,1.4499999999999886,wav16k/STT_TT00204_00336.200-00337.650.wav,ཉེས་པ་ལ་ཉེས་པར་མ་འཛིན་པ་བྱས།
STT_TT00204_00338.200-00339.850,དཔེ་ཧ་གེ་ཆུ་རྒས་རང་བྱས།  ,dpe ha ge chu rgas rang byas/__,https://d38pmlk0v88drf.cloudfront.net/wav16k/STT_TT00204_00338.200-00339.850.wav,STT_TT,3,25,1.650000000000034,wav16k/STT_TT00204_00338.200-00339.850.wav,དཔེ་ལྷང་ྐ་ཆུ་རྐལ་རང་བྱས་བྱས།
STT_TT00204_00340.300-00343.100,ད་གཅིག་སྣང་བ་སྐྱིད་པོ་ཞིག་ཆགས་ཡོང་དུས་དེ་བ། དེ་ནི་གང་བྱུང་མ་བྱུང་གང་ག་བྱས་ཀི་བསྡོད་ཡ།  ,da gcig snang ba skyid po zhig chags yong dus de ba/_de ni gang byung ma byung gang ga byas ki bsdod ya/__,https://d38pmlk0v88drf.cloudfront.net/wav16k/STT_TT00204_00340.300-00343.100.wav,STT_TT,3,87,2.800000000000012,wav16k/STT_TT00204_00340.300-00343.100.wav,ད་ཅིག་སྣང་བ་སྐྱིད་པོ་ཅིག་ཆགས་ཡོང་དུས་དེ་བ། དེ་ནས་གང་བྱུང་མང་བྱུང་གང་ག་བྱེད་ཀི་སྡོད་ཡ།
STT_TT00204_00243.900-00246.950,སྐྱེ་བ་ཕྱི་མ་ལ་དམྱལ་བ་ཡི་དག་དེ་འདྲས་ལ་ཡ། སྐྱེ་བ་སྡུག་ཅག་དེ་འདྲས་དེ་འདྲས་ལེན་བྱས།  ,skye ba phyi ma la dmyal ba yi dag de 'dras la ya/_skye ba sdug cag de 'dras de 'dras len byas/__,https://d38pmlk0v88drf.cloudfront.net/wav16k/STT_TT00204_00243.900-00246.950.wav,STT_TT,3,82,3.049999999999983,wav16k/STT_TT00204_00243.900-00246.950.wav,སྐྱེ་བ་ཕྱི་མ་ལ་དམྱལ་བ་རེད། ཡི་དྭགས་དེ་འདྲ་ལ་ཡ། སྐྱེ་བ་སྡུག་ཅག་དེ་འདྲ་དེ་འདྲ་ལེན་བཞག
STT_TT00204_00247.350-00249.150,དེ་འདྲས་སོང་ཙང་ངས་འདི་བྱེད་རྒྱུ་མི་འདུག་སི་བྱས་ནས།  ,de 'dras song tsang ngas 'di byed rgyu mi 'dug si byas nas/__,https://d38pmlk0v88drf.cloudfront.net/wav16k/STT_TT00204_00247.350-00249.150.wav,STT_TT,3,52,1.8000000000000114,wav16k/STT_TT00204_00247.350-00249.150.wav,དེ་འདྲ་སོང་ཙང་། ངས་འདི་བྱེད་རྒྱུ་མི་འདུག་བྱས་ནས།
STT_TT00204_00343.500-00346.500,དཔེར་ན་ད་འདའ་ང་ཚོ་ཅིག་ཕྱི་རྒྱལ་དེ་འདྲ་ད། དེ་འདྲ་གི་ཅིག་ལྟད་མོ་དེ་འདྲ་འཁྲབ ,dper na da 'da' nga tsho cig phyi rgyal de 'dra da/_de 'dra gi cig ltad mo de 'dra 'khrab_,https://d38pmlk0v88drf.cloudfront.net/wav16k/STT_TT00204_00343.500-00346.500.wav,STT_TT,3,74,3.0,wav16k/STT_TT00204_00343.500-00346.500.wav,དཔེར་ན། ད་ལྟ་ང་ཚོ་ཅིག་ཕྱི་རྒྱལ་དེ་འདྲ་དཱ། དེ་འདྲ་གི་ཅིག་ལྟད་མོ་དེ་འདྲ།
STT_TT00204_00249.400-00250.550,ལོ་རྒྱུས་གི་བསླབ་བྱ་གཅིག་དེ་རེད་བ།  ,lo rgyus gi bslab bya gcig de red ba/__,https://d38pmlk0v88drf.cloudfront.net/wav16k/STT_TT00204_00249.400-00250.550.wav,STT_TT,3,36,1.1500000000000057,wav16k/STT_TT00204_00249.400-00250.550.wav,ལོ་རྒྱུས་ཀི་བསླབ་བྱ་ཅིག་འདི་རེད་བ།
STT_TT00204_00251.000-00253.700,ད་ལོ་རྒྱུས་གི་བསླབ་བྱ་ཅིག་ནང་ལི་ཡ་འདས་པའི་གནས་ཚུལ་གི་འོག་ལ་ཡ།  ,da lo rgyus gi bslab bya cig nang li ya 'das pa'i gnas tshul gi 'og la ya/__,https://d38pmlk0v88drf.cloudfront.net/wav16k/STT_TT00204_00251.000-00253.700.wav,STT_TT,3,63,2.6999999999999886,wav16k/STT_TT00204_00251.000-00253.700.wav,ད་ལོ་རྒྱུས་ཀི་བསླབ་བྱ་གཅིག་ནང་ལ་ཡ། འདས་པའི་གནས་ཚུལ་གི་འོག་ལ་ཡ།
STT_TT00204_00254.000-00257.550,ཁ་སློག་བྱས་བལྟས་ཡོང་དུས་དེ་བ། བཅོམ་ལྡན་འདས་ཟེར་ཉེན་དཔེ་མི་སྲིད་གི་རྩ་ཆེན་པོ་ཅིག་འཁྲུངས་བཞག་ ,kha slog byas bltas yong dus de ba/_bcom ldan 'das zer nyen dpe mi srid gi rtsa chen po cig 'khrungs bzhag _,https://d38pmlk0v88drf.cloudfront.net/wav16k/STT_TT00204_00254.000-00257.550.wav,STT_TT,3,92,3.550000000000012,wav16k/STT_TT00204_00254.000-00257.550.wav,ཁ་ལོག་བྱས་བལྟས་ཡོང་དུས་དེ་བ། བཅོམ་ལྡན་འདས་ཟེར་ངེ། དཔེ་མི་སྲིད་པའི་རྩ་ཆེན་པོ་ཞིག་འཁྲུངས་ཤག
STT_TT00204_00375.450-00379.400,བློ་བླ་མ་དཀོན་མཆོག་གསུམ་ལ་དངོས་གནས་དཔེ་ཧུར་ཐག་པ་ཐག་བྱེད་གང་ཐུབ་ཅི་ཐུབ་བྱེད་པ་ལ་བརྟེན་བྱས།  ,blo bla ma dkon mchog gsum la dngos gnas dpe hur thag pa thag byed gang thub ci thub byed pa la brten byas/__,https://d38pmlk0v88drf.cloudfront.net/wav16k/STT_TT00204_00375.450-00379.400.wav,STT_TT,3,91,3.9499999999999886,wav16k/STT_TT00204_00375.450-00379.400.wav,བློ་བླ་མ་དཀོན་མཆོག་གསུམ་ལ། དངོས་གནས་དཔེ་ཧུར་ཐག་འབད་ཐག་བྱས། གང་ཐུབ་ཅི་ཐུབ་བྱས་པ་ལ་བརྟེན་བྱས།
STT_TT00204_00379.750-00384.000,འོ་དུད་ཚང་དེ་ནང་གི་པ་ལགས་དེ་སྐྱིད་པོ་གང་འདྲས་ཡོང་གི་འདུག་ མི་ཚང་ཕར་ཕྱོགས་དེ་ནང་ཨ་ཅག་ལགས་དེ་སྐྱིད་པོ་གང་འདྲས་ཡོང་གི་འདུག་ ,'o dud tshang de nang gi pa lags de skyid po gang 'dras yong gi 'dug _mi tshang phar phyogs de nang a cag lags de skyid po gang 'dras yong gi 'dug _,https://d38pmlk0v88drf.cloudfront.net/wav16k/STT_TT00204_00379.750-00384.000.wav,STT_TT,3,121,4.25,wav16k/STT_TT00204_00379.750-00384.000.wav,འོ་དུད་ཚང་འདི་ནང་གི་པ་ལགས་འདི་སྐྱིད་པོ་ག་འདྲ་ཡོང་གི་འདུག དུད་ཚང་ཕར་ཕྱོགས་འདི་ནང་ག་ཨ་ཅག་ལགས་འདི་སྐྱིད་པོ་ག་འདྲ་ཡོང་གི་འདུག
STT_TT00204_00384.250-00386.100,དགོན་པ་ཡ་གི་ནང་གི་སྐུ་ཞབས་ལགས་དེ་སྐྱིད་པོ་གང་འདྲས་ཡོང་གི་འདུག་ ,dgon pa ya gi nang gi sku zhabs lags de skyid po gang 'dras yong gi 'dug _,https://d38pmlk0v88drf.cloudfront.net/wav16k/STT_TT00204_00384.250-00386.100.wav,STT_TT,3,63,1.8500000000000227,wav16k/STT_TT00204_00384.250-00386.100.wav,དགོན་པ་ཡ་གེ་ནང་སྐུ་ཤོས་ལགས་དང་སྐྱིད་པོ་ག་འདྲ་ཡོང་གི་འདུག
STT_TT00204_00386.400-00390.000,དགོན་པ་མ་གི་ནང་གི་ཨ་ནེ་ལགས་དེ་སྐྱིད་པོ་གང་འདྲས་ཡོང་གི་འདུག དངོས་གནས་ཕ་གི་ངས་ཁ་སེང་ཞུས་པ་ནང་བཞིན།  ,dgon pa ma gi nang gi a ne lags de skyid po gang 'dras yong gi 'dug_dngos gnas pha gi ngas kha seng zhus pa nang bzhin/__,https://d38pmlk0v88drf.cloudfront.net/wav16k/STT_TT00204_00386.400-00390.000.wav,STT_TT,3,98,3.6000000000000227,wav16k/STT_TT00204_00386.400-00390.000.wav,དགོན་པ་མ་གི་ནང་ཨ་ནེ་ལགས་དང།་སྐྱིད་པོ་ག་འདྲ་ཡོང་གི་འདུག དངོས་གནས་ཕ་གི་ངས་ཁ་སང་ཞུས་པ་ནང་བཞིན།
STT_TT00204_00390.350-00392.650,ང་ཚོ་ཁ་ཆེ་ཡིན་ན་ཡང་འདྲ་འདུག་ཡེ་ཤུས་ཡིན་ན་ཡང་འདྲ་ ,nga tsho kha che yin na yang 'dra 'dug ye shus yin na yang 'dra _,https://d38pmlk0v88drf.cloudfront.net/wav16k/STT_TT00204_00390.350-00392.650.wav,STT_TT,3,49,2.2999999999999545,wav16k/STT_TT00204_00390.350-00392.650.wav,ང་ཚོ་ཁ་ཆེ་ཡིན་ནའང་འདྲ་འདུག ཡེ་ཤུ་ཡིན་ན་འང་འདྲ
STT_TT00204_00393.000-00394.500,རྗེའུ་ཡིན་ན་ཡང་འདྲ་འདུག་ཧིན་རྡི་ཡིན་ན་ཡང་འདྲ།  ,rje'u yin na yang 'dra 'dug hin rdi yin na yang 'dra/__,https://d38pmlk0v88drf.cloudfront.net/wav16k/STT_TT00204_00393.000-00394.500.wav,STT_TT,3,47,1.5,wav16k/STT_TT00204_00393.000-00394.500.wav,ལྗེའུ་ཡིན་ནའང་འདྲ་འདུག ཧིན་དྷི་ཡིན་ནའང་འདྲ།
STT_TT00204_00394.800-00395.750,ནང་པ་ཡིན་ན་ཡང་འདྲ་འདུག་ ,nang pa yin na yang 'dra 'dug _,https://d38pmlk0v88drf.cloudfront.net/wav16k/STT_TT00204_00394.800-00395.750.wav,STT_TT,3,24,0.9499999999999886,wav16k/STT_TT00204_00394.800-00395.750.wav,ནང་པ་ཡིན་ན་ཡང་འདྲ་འདུག
STT_TT00204_00395.950-00396.700,ད་ག་རེ་ཡིན་ནས་ཡིན།  ,da ga re yin nas yin/__,https://d38pmlk0v88drf.cloudfront.net/wav16k/STT_TT00204_00395.950-00396.700.wav,STT_TT,3,20,0.75,wav16k/STT_TT00204_00395.950-00396.700.wav,ད་ག་རེ་ཡིན་ན་ཡིན།
STT_TT00204_00414.400-00416.200,འཛམ་བུ་གླིང་འདིའི་སྒང་ལ་དམག་བརྒྱག་ཡ་བཟོ་འདྲ་འདྲ་མི་འདྲ།  ,'dzam bu gling 'di'i sgang la dmag brgyag ya bzo 'dra 'dra mi 'dra/__,https://d38pmlk0v88drf.cloudfront.net/wav16k/STT_TT00204_00414.400-00416.200.wav,STT_TT,3,57,1.8000000000000114,wav16k/STT_TT00204_00414.400-00416.200.wav,འཛམ་བུ་གླིང་འདིའི་སྒང་ལ་དམག་རྒྱག་ཡ་གི་ཟོལ་འདྲ།འདྲ་མི་འདྲ།
STT_TT00204_00416.750-00417.550,མང་པོ་ཡོང་བསྡད་ཀི་འདུག་བ།  ,mang po yong bsdad ki 'dug ba/__,https://d38pmlk0v88drf.cloudfront.net/wav16k/STT_TT00204_00416.750-00417.550.wav,STT_TT,3,27,0.8000000000000114,wav16k/STT_TT00204_00416.750-00417.550.wav,མང་པོ་ཡོང་བསྡད་ཀི་འདུག་གཱ
STT_TT00204_00418.000-00419.900,ཆོས་ལུགས་ཕན་ཚུན་བར་མཚམས་ལ་བསོད་རེས་ཞི་དྲག་བཏང་གི་འདུག་ ,chos lugs phan tshun bar mtshams la bsod res zhi drag btang gi 'dug _,https://d38pmlk0v88drf.cloudfront.net/wav16k/STT_TT00204_00418.000-00419.900.wav,STT_TT,3,55,1.8999999999999773,wav16k/STT_TT00204_00418.000-00419.900.wav,ཆོས་ལུགས་ཕན་ཚུན་བར་ཚམ་ལ། གསོད་རེ་ཞེ་དྲག་གཏང་གི་འདུག་ག
STT_TT00204_00420.350-00421.050,གྲུབ་མཐའི་དོན་དག་ལ་རྒྱག་རེས་ ,grub mtha'i don dag la rgyag res _,https://d38pmlk0v88drf.cloudfront.net/wav16k/STT_TT00204_00420.350-00421.050.wav,STT_TT,3,29,0.6999999999999886,wav16k/STT_TT00204_00420.350-00421.050.wav,གྲུབ་མཐའི་དོན་དག་ལ་བརྒྱབ་
STT_TT00204_00421.950-00423.400,ཚད་དང་མཐུན་པ་ཅིག་རྩ་བ་ཉིད་ནས་ཡོང་གི་མེད་ ,tshad dang mthun pa cig rtsa ba nyid nas yong gi med _,https://d38pmlk0v88drf.cloudfront.net/wav16k/STT_TT00204_00421.950-00423.400.wav,STT_TT,3,41,1.4499999999999886,wav16k/STT_TT00204_00421.950-00423.400.wav,ཚལ་དང་མཐུན་པ་ཅིག་རྩ་བ་ཉིད་ནས་ཡོང་གི་མེད།
STT_TT00204_00423.800-00426.050,ད་ང་ཚོ་ང་ཚོ་ནང་པ་ཚད་དང་མཐུན་པ་ཅིག་རྩ་བ་ཉིད་ནས་ཡོང་གི་མི་འདུག་བ།  ,da nga tsho nga tsho nang pa tshad dang mthun pa cig rtsa ba nyid nas yong gi mi 'dug ba/__,https://d38pmlk0v88drf.cloudfront.net/wav16k/STT_TT00204_00423.800-00426.050.wav,STT_TT,3,65,2.25,wav16k/STT_TT00204_00423.800-00426.050.wav,ད་ང་ཚོ་ང་ཚོ་ ནང་པ་ཚད་དང་མཐུན་པ་ཞིག་རྩ་བ་ཉིད་ནས་ཡོང་གི་མི་འདུག་ག
STT_TT00204_00426.300-00429.950,ཁ་སེང་ངས་དེ་ནས་མར་ཞུས་ཡོང་དུས་དེ་བ། སྐྱབས་འགྲོ་སྐོར་བཤད་ཡོང་དུས་དེ་བ། དངོས་གནས་སོ་སོས་བལྟས་ཡོང་དུས་དེ་བ།  ,kha seng ngas de nas mar zhus yong dus de ba/_skyabs 'gro skor bshad yong dus de ba/_dngos gnas so sos bltas yong dus de ba/__,https://d38pmlk0v88drf.cloudfront.net/wav16k/STT_TT00204_00426.300-00429.950.wav,STT_TT,3,106,3.649999999999977,wav16k/STT_TT00204_00426.300-00429.950.wav,ཁ་སང་ངས་འདི་ནས་མར་ཞུས་ཡོང་དུས་དེ་བ། སྐྱབས་འགྲོའི་སྐོར་བཤད་ཡོང་དུས་དེ་བ། དངོས་གནས་སོ་སོ་སོས་བལྟས་ཡོང་དུས་དེ་བ།
STT_TT00204_00430.250-00431.750,གྲྭ་ཆས་གོན་བསྡད་འདུག་དུས་ངོ་ཡང་ཚ་ངེ་གི་བཟོ ,grwa chas gon bsdad 'dug dus ngo yang tsha nge gi bzo_,https://d38pmlk0v88drf.cloudfront.net/wav16k/STT_TT00204_00430.250-00431.750.wav,STT_TT,3,43,1.5,wav16k/STT_TT00204_00430.250-00431.750.wav,གྲྭ་ཆས་གོན་བསྡད་དུ་དེ་བ། ངོ་ཡེ་ཚ་མྱི་གི་ཟོ
STT_TT00204_00432.850-00433.600,ད་གཅིག་ཁྱོན་ནས་ ,da gcig khyon nas _,https://d38pmlk0v88drf.cloudfront.net/wav16k/STT_TT00204_00432.850-00433.600.wav,STT_TT,3,16,0.75,wav16k/STT_TT00204_00432.850-00433.600.wav,ཅིག་ད་ཁྱོན་ནས།
STT_TT00204_00433.950-00437.100,ཁྱོན་ནས་ཡོད་མ་རེད་བསམ་བློ་གཏོང་སྟངས་ནས་ཁྱོན་ནས་ཡོད་མ་རེད། དང་པོ་ནས་སངས་རྒྱས་གི་ན་བཟའ་རྩ་ཆེན་པོ་དེ་འདྲས་ཅིག་ ,khyon nas yod ma red bsam blo gtong stangs nas khyon nas yod ma red/_dang po nas sangs rgyas gi na bza' rtsa chen po de 'dras cig _,https://d38pmlk0v88drf.cloudfront.net/wav16k/STT_TT00204_00433.950-00437.100.wav,STT_TT,3,108,3.150000000000034,wav16k/STT_TT00204_00433.950-00437.100.wav,ུ་ཚ་ན་ཁྱོན་ནས་ཡོད་མ་རེད། བསམ་བློ་གཏོང་སྟངས་ཁྱོན་ནས་མ་རེད། ད་དུང་མི་སངས་རྒྱས་ཀི་ནམ་གས་ཆེན་པོ་དེ་འདྲ་ཅིག
STT_TT00204_00439.150-00441.750,བྱས་ཙང་ང་ཚོའི་ད་ལྟའི་གནས་ཚུལ་མང་པོ་ཅིག་ལ་ང་ཚོས་བསམ་བློ་གཏོང་དང་།  ,byas tsang nga tsho'i da lta'i gnas tshul mang po cig la nga tshos bsam blo gtong dang /__,https://d38pmlk0v88drf.cloudfront.net/wav16k/STT_TT00204_00439.150-00441.750.wav,STT_TT,3,66,2.6000000000000227,wav16k/STT_TT00204_00439.150-00441.750.wav,བྱས་ཙང་ང་ཚོས་ད་ལྟའི་གནས་ཚུལ་མང་པོ་ཞིག་ལ། ང་ཚོས་བསམ་བློ་གཏོང་དཱ།
STT_TT00204_00442.050-00443.600,ད་ལྟ་སྤྱི་ཚོགས་འདིའི་སྒང་ལ་ཡ།  ,da lta spyi tshogs 'di'i sgang la ya/__,https://d38pmlk0v88drf.cloudfront.net/wav16k/STT_TT00204_00442.050-00443.600.wav,STT_TT,3,31,1.5500000000000114,wav16k/STT_TT00204_00442.050-00443.600.wav,ད་ལྟ་སྤྱི་ཚོགས་འདིའི་སྒང་ལ་ཡ།
STT_TT00204_00443.850-00445.700,བྱང་ཆུབ་གི་སེམས་ཉམས་སྐྱེལ་སེམས་པ་བཟང་པོ་གནང་།  ,byang chub gi sems nyams skyel sems pa bzang po gnang /__,https://d38pmlk0v88drf.cloudfront.net/wav16k/STT_TT00204_00443.850-00445.700.wav,STT_TT,3,47,1.849999999999966,wav16k/STT_TT00204_00443.850-00445.700.wav,བྱང་ཆུབ་ཀི་སེམས་ཉམས་ལེན་སྐྱེད། སེམས་པ་བཟང་པོ་ན།
STT_TT00204_00445.900-00447.850,དངོས་གནས་དཔེ་རང་ལས་གཞན་རྩ་ཆེན་པོ་ཅིག་བརྩིས།  ,dngos gnas dpe rang las gzhan rtsa chen po cig brtsis/__,https://d38pmlk0v88drf.cloudfront.net/wav16k/STT_TT00204_00445.900-00447.850.wav,STT_TT,3,45,1.9500000000000453,wav16k/STT_TT00204_00445.900-00447.850.wav,དངོས་གནས་དཔེ། རང་ལས་གཞན་རྩ་ཆེན་པོ་ཞིག་བརྩིས།
STT_TT00204_00448.200-00450.750,སེམས་ནང་ནས་བརྩིས་པ་ཙམ་དུ་མ་ཟད་པ་ལག་ལེན་ད་ག་ནང་བཞིན་སྐྱེལ།  ,sems nang nas brtsis pa tsam du ma zad pa lag len da ga nang bzhin skyel/__,https://d38pmlk0v88drf.cloudfront.net/wav16k/STT_TT00204_00448.200-00450.750.wav,STT_TT,3,59,2.550000000000012,wav16k/STT_TT00204_00448.200-00450.750.wav,སེམས་ནང་ནས་བརྩིས་པ་ཙམ་དུ་མ་ཟད་པ། ལག་ལེན་ད་ག་ནང་བཞིན་སྐྱེལ།
STT_TT00204_00451.150-00453.150,ད་ག་ནང་བཞིན་བྱས་ནས་བཀའ་མོལ་གསུངས་བསྡད་ཉེན་གི་མི་དེ་ལ་ཡ།  ,da ga nang bzhin byas nas bka' mol gsungs bsdad nyen gi mi de la ya/__,https://d38pmlk0v88drf.cloudfront.net/wav16k/STT_TT00204_00451.150-00453.150.wav,STT_TT,3,57,2.0,wav16k/STT_TT00204_00451.150-00453.150.wav,ད་ག་ནང་བཞིན་བྱས་ནས། བཀའ་མོལ་གསུངས་སྡོད་ངེ་གི་མི་དེ་ལ་ཡ།
STT_TT00204_00453.500-00454.600,ལུང་པའི་ནང་ནས་ག་འདྲས་དགའ་པོ་བྱས ,lung pa'i nang nas ga 'dras dga' po byas_,https://d38pmlk0v88drf.cloudfront.net/wav16k/STT_TT00204_00453.500-00454.600.wav,STT_TT,3,32,1.1000000000000227,wav16k/STT_TT00204_00453.500-00454.600.wav,ལུང་པའི་ནང་ནས་གང་ཚོད་དགའ་པོ་བྱིག།
STT_TT00204_00455.200-00457.450,དགོན་པ་ཅིག་ནང་ཡིན་ན་ལི། ཆ་བཞག་ལེ་མི་གང་ག་དེ་དགའ་པོ་བྱེད་ཀི་ ,dgon pa cig nang yin na li/_cha bzhag le mi gang ga de dga' po byed ki _,https://d38pmlk0v88drf.cloudfront.net/wav16k/STT_TT00204_00455.200-00457.450.wav,STT_TT,3,60,2.25,wav16k/STT_TT00204_00455.200-00457.450.wav,དགོན་པ་གཅིག་ནང་ལ་ཡིན་ན་པ་ཆ་བཞག་ན་ལས། མི་གང་ག་དེ་དགའ་པོ་བྱེད་ཀི
STT_TT00204_00458.300-00462.100,ད་སོ་སོ་གཅིག་པུ་མ་གཏོགས་བསམ་རྒྱུ་མེད་བསྡད་རྒྱོ་ཅིག་མི་ལ་ག་དུས་ཡིན་ནས་ལེ་གཅིག་ལབ་བསྡད་ཉེན་ཅིག་ཡིན་ན།  ,da so so gcig pu ma gtogs bsam rgyu med bsdad rgyo cig mi la ga dus yin nas le gcig lab bsdad nyen cig yin na/__,https://d38pmlk0v88drf.cloudfront.net/wav16k/STT_TT00204_00458.300-00462.100.wav,STT_TT,3,101,3.8000000000000114,wav16k/STT_TT00204_00458.300-00462.100.wav,ད་སོ་སོ་གཅིག་པོ་མ་གཏོགས་བསམ་རྒྱུ་མེད་བསྡད་རྒྱོ་ཞིག མི་ལ། ག་དུས་ཡིན་ན་ལས་ཅིག་ལབ་སྡོད་ངེ་ཞིག་ཡིན་ན།
STT_TT00204_00462.250-00469.150,དགའ་པོ་བྱེད་གི་མི་འདུག་བ། དགོན་པ་རེད་བསླབ་གྲྭ་རེད་ལུང་པ་རེད་ལས་ཁུང་རེད་ག་རེ་ཡིན་ནས་ལེ། མི་དེ་ཡོད་མ་རེད་ཟེར་སྐད་བརྒྱབ་མ་གཏོགས། ཡོད་རེད་ཟེར་མྱི་སུ་གང་མི་འདུག་བ།  ,dga' po byed gi mi 'dug ba/_dgon pa red bslab grwa red lung pa red las khung red ga re yin nas le/_mi de yod ma red zer skad brgyab ma gtogs/_yod red zer myi su gang mi 'dug ba/__,https://d38pmlk0v88drf.cloudfront.net/wav16k/STT_TT00204_00462.250-00469.150.wav,STT_TT,3,160,6.899999999999977,wav16k/STT_TT00204_00462.250-00469.150.wav,དགའ་པོ་བྱེད་ཀི་མི་འདུག་གཱ དགོན་པ་རེད། སློབ་གྲྭ་རེད། ལུང་པ་རེད། ལས་ཁུངས་རེད། ག་རེ་ཡིན་ན་ལས། མི་དེ་ཡོད་མ་རེད་ཟེར་།སྐད་ྒ་མ་གཏོགས།་ཡོད་རེད་ཟེར་ངེ་སུ་གང་མི་འདུག་གཱ
STT_TT00204_00469.500-00471.400,བྱས་ཙང་ང་ཚོ་དེ་ད་ལྟ་བའི་གནས་ཚུལ་བལྟས་བྱས་བག་ཡོད་སྒོམ་སྟངས།  ,byas tsang nga tsho de da lta ba'i gnas tshul bltas byas bag yod sgom stangs/__,https://d38pmlk0v88drf.cloudfront.net/wav16k/STT_TT00204_00469.500-00471.400.wav,STT_TT,3,60,1.8999999999999773,wav16k/STT_TT00204_00469.500-00471.400.wav,བྱས་ཙང་ང་ཚོ་འདི་ད་ལྟ་བའི་གནས་ཚུལ་ལ་བརྟེན་བྱས།་བག་ཡོད་སྒོམ་སྟང།
STT_TT00204_00472.050-00473.450,ད་མ་འོངས་པ་ན་ང་ཚོས་དགོངས་པ་ཡག་པོ་བཞེས།  ,da ma 'ongs pa na nga tshos dgongs pa yag po bzhes/__,https://d38pmlk0v88drf.cloudfront.net/wav16k/STT_TT00204_00472.050-00473.450.wav,STT_TT,3,40,1.3999999999999773,wav16k/STT_TT00204_00472.050-00473.450.wav,ད་མ་འོངས་པ་ན། ང་ཚོས་དགོངས་པ་ཡག་པོ་ཞིག
STT_TT00204_00474.550-00476.850,ད་ལྟ་མི་འདི་འདྲས་ཅིག་གི་དེ་འདྲས་དེ་འདྲས་བྱེད་པ་ལ་བརྟེན་བྱས།  ,da lta mi 'di 'dras cig gi de 'dras de 'dras byed pa la brten byas/__,https://d38pmlk0v88drf.cloudfront.net/wav16k/STT_TT00204_00474.550-00476.850.wav,STT_TT,3,61,2.300000000000012,wav16k/STT_TT00204_00474.550-00476.850.wav,ད་ལྟ་མི་འདི་འདྲ་ཅིག་གི དེ་འདྲ་འདེ་འདྲ་བྱས་པ་ལ་བརྟེན་བྱས།
STT_TT00204_00477.000-00482.850,སྙོག་གྲ་དེ་དང་དེ་ལྟ་བུ་ལྷག་འགྲོ་གི་འདུག དཀའ་ངལ་དེ་དང་དེ་ཅིག་འཕྲད་འགྲོ་གི་འདུག་ དེ་ང་ཚོ་མིག་མཐོང་ལག་ཟིན་གི་གནས་ཚུལ་འོག་ལི་ཡོད་བསྡད་རྒྱོ་དེ།  ,snyog gra de dang de lta bu lhag 'gro gi 'dug_dka' ngal de dang de cig 'phrad 'gro gi 'dug _de nga tsho mig mthong lag zin gi gnas tshul 'og li yod bsdad rgyo de/__,https://d38pmlk0v88drf.cloudfront.net/wav16k/STT_TT00204_00477.000-00482.850.wav,STT_TT,3,140,5.850000000000023,wav16k/STT_TT00204_00477.000-00482.850.wav,རྙོག་དྲ་དེ་དང་དེ་འྟྲ་བུ་ཞིག་ལྷག་འགྲོ་གི་འདུག དཀའ་ངལ་དེ་དང་དེ་འཕྲད་འགྲོ་གི་འདུག འདི་ང་ཚོའ་མིག་མཐོང་ར་ཟིན་གི་གནས་ཚུལ་འོག་ལ་ཡོད་བསྡད་རྒྱོ་དེ་རེད།
STT_TT00204_00161.200-00165.700,འདི་སོང་ཙང་ད། སྣང་པ་སྐྱིད་པོ་ལ་ཡ། སྐྱིད་པོ་འདུག་གཱ ཁོ་ཆོས་དཱ་མཐུན་པ་ཅིག་གི་ཐོག་ནས། སྣང་བ་སྐྱིད་པོ་བྱེད་ན་འགྲིག་ཡ་ཡོད།  ,'di song tsang da/_snang pa skyid po la ya/_skyid po 'dug gA_kho chos dA mthun pa cig gi thog nas/_snang ba skyid po byed na 'grig ya yod/__,https://d38pmlk0v88drf.cloudfront.net/wav16k/STT_TT00204_00161.200-00165.700.wav,STT_TT,3,119,4.5,wav16k/STT_TT00204_00161.200-00165.700.wav,དེ་སོང་ཙང་ད། སྣང་བ་སྐྱིད་པོ་ལས་སྐྱིད་པོ་འདུག་གཱ ཁོ་ཆོས་དང་མཐུན་པ་ཞིག་གི་ཐོག་ནས། སྣང་བ་སྐྱིད་པོ་བྱས་ན་འགྲིག་ཡ་ཡོད་རེད།
STT_TT00204_00150.700-00152.700,ཞེ་དྲག ཞེ་དྲག་སྣང་བ་སྐྱིད་པོ། བསམ་བློ་གཏང་ཡ་སེ་གེ་ཡོད་མ་རེད་བ།  ,zhe drag_zhe drag snang ba skyid po/_bsam blo gtang ya se ge yod ma red ba/__,https://d38pmlk0v88drf.cloudfront.net/wav16k/STT_TT00204_00150.700-00152.700.wav,STT_TT,3,64,2.0,wav16k/STT_TT00204_00150.700-00152.700.wav,ཞེ་དྲག་ཞེ་དྲག་སྣང་བ་སྐྱིད་པི་བསམ་བློ་གཏོང་ཡ་ཟི་བསད་ཡོད་མ་རེད་བ།
STT_TT00204_00153.100-00155.500,དང་པོ་ནས་སྐྲ་གྲིས། ལུས་འདུལ། མགོ་ལ་སྐྲ་གྲིས་བཞག ,dang po nas skra gris/_lus 'dul/_mgo la skra gris bzhag_,https://d38pmlk0v88drf.cloudfront.net/wav16k/STT_TT00204_00153.100-00155.500.wav,STT_TT,3,48,2.4000000000000057,wav16k/STT_TT00204_00153.100-00155.500.wav,དང་པོ་ནས། སྐྲ་ཁྲིག། ལུས་བསྒྱུར། མགོ་ལ་སྐྲ་ཀྲི་བཞག
STT_TT00204_00156.150-00160.800,འདི་སོང་ཙང་། ད་ཞེ་དྲག་ཞེ་དྲག་གི ཅིག་སྣང་པ་སྐྱིད་པོ་དཱ། དེ་འདྲ་གི རེ་བ་རྒྱག་ཡ་དཱ བསམ་བློ་གཏོང་ཡ་ཞེ་དྲག་རང་། བསྡད་ཡོད་མ་རེད།  ,'di song tsang /_da zhe drag zhe drag gi_cig snang pa skyid po dA/_de 'dra gi_re ba rgyag ya dA_bsam blo gtong ya zhe drag rang /_bsdad yod ma red/__,https://d38pmlk0v88drf.cloudfront.net/wav16k/STT_TT00204_00156.150-00160.800.wav,STT_TT,3,124,4.650000000000006,wav16k/STT_TT00204_00156.150-00160.800.wav,དེ་སོང་ཙང་། ད་ཞེ་དྲག་ཞེ་དྲག་གི་ཅིག་སྣང་བ་སྐྱིད་པོ་དང། དེ་འདྲ་གི རེ་བ་རྒྱག་ཡ་དཱ། བསམ་བློ་གཏོང་ཡ་ཞེ་དྲག་རང་བསྡད་ཡོད་མ་རེད།
STT_TT00204_00397.000-00402.100,གང་ལྟར། ཆོས་རྒྱུད་ཁོ་རང་གི་ནང་ནས་ན་མ། བཤད་བཞག་རྒྱོ་གི བཤད་པ་ནང་བཞིན་བྱས་ནས། ལག་ལེན་ལ་ཅིག་བསྟར་ངེ་ཡིན་ན།  ,gang ltar/_chos rgyud kho rang gi nang nas na ma/_bshad bzhag rgyo gi_bshad pa nang bzhin byas nas/_lag len la cig bstar nge yin na/__,https://d38pmlk0v88drf.cloudfront.net/wav16k/STT_TT00204_00397.000-00402.100.wav,STT_TT,3,105,5.100000000000023,wav16k/STT_TT00204_00397.000-00402.100.wav,གང་ལྟར་ཆོས་རྒྱུད་ཁོ་རང་ནང་ནས་མ་བཤད་བཞག་རྒྱོ་དི། བཤད་པ་ནང་བཞིན་བྱས་ནས། ལག་ལེན་ལ་ཅིག་བསྟབ་ངེ་ཡིན་ན།
STT_TT00204_00402.500-00406.000,ཁོ་རས་བཤད་པ་ནང་བཞིན་བྱས་ནས། ཚད་ལྡན་བྱས་བྱས། འགྲོ་ངེ་ཡིན་ན། ཡག་པོ་ཞེ་དྲག་འདུག་གཱ ,kho ras bshad pa nang bzhin byas nas/_tshad ldan byas byas/_'gro nge yin na/_yag po zhe drag 'dug gA_,https://d38pmlk0v88drf.cloudfront.net/wav16k/STT_TT00204_00402.500-00406.000.wav,STT_TT,3,80,3.5,wav16k/STT_TT00204_00402.500-00406.000.wav,ཁོ་རས་བཤད་པ་ནང་བཞིན་བྱས་ནས། ཚད་ལྡན་བྱས་བྱས་འགྲོ་ངེ་ཡིན་ན། ཡག་པོ་ཞེ་དྲག་འདུག་ག
STT_TT00204_00406.200-00407.750,ད་ང་ཚོའི་ཚད་མ་ལོན་པ་འདི་རེད་ ,da nga tsho'i tshad ma lon pa 'di red _,https://d38pmlk0v88drf.cloudfront.net/wav16k/STT_TT00204_00406.200-00407.750.wav,STT_TT,3,29,1.5500000000000114,wav16k/STT_TT00204_00406.200-00407.750.wav,ད་ང་ཚོ་ཚད་མ་ལོན་པ་འདི་རེད།
STT_TT00204_00408.100-00409.750,ང་རང་ཚོ་ནང་པ་ནང་པ་ཚད་མ་ལོན་པ་འདི།  ,nga rang tsho nang pa nang pa tshad ma lon pa 'di/__,https://d38pmlk0v88drf.cloudfront.net/wav16k/STT_TT00204_00408.100-00409.750.wav,STT_TT,3,35,1.6499999999999773,wav16k/STT_TT00204_00408.100-00409.750.wav,ང་རང་ཚོ་ནང་པ་ནང་པ་ཚད་མ་ལེན་པ་ད།
STT_TT00204_00410.150-00411.850,ཕ་ཕྱོགས། ཕ་ཕྱོགས་ཡེ་ཤུ་ཚད་མ་ལོན་པ་ཞིག ,pha phyogs/_pha phyogs ye shu tshad ma lon pa zhig_,https://d38pmlk0v88drf.cloudfront.net/wav16k/STT_TT00204_00410.150-00411.850.wav,STT_TT,3,38,1.7000000000000457,wav16k/STT_TT00204_00410.150-00411.850.wav,ཕར་ཕྱོགས་ཕ་ཕྱོགས་ཡེ་ཤུ་ཚད་མ་ལེན་པ་བྱས།
STT_TT00204_00497.500-00503.850,ད་ད་ལྟའི་གནས་ཚུལ་ལ་མ་འདུགས་སེ། བལྟས་ཡོང་དུས་འདུག་གཱ ལས་འདི་བསགས་པ་ལ་བརྟེན་ནས། འབྲས་བུ་འདི་ལྟ་བུ་ཞིག ཡོང་གི་ཡོད་པ་འདི། ང་ཚོས་མིག་གིས་ཕ་བལྟས་པ་ལས་ལ་བརྟེན་ནས། ཡོང་གི་ཡོད་ན།  ,da da lta'i gnas tshul la ma 'dugs se/_bltas yong dus 'dug gA_las 'di bsags pa la brten nas/_'bras bu 'di lta bu zhig_yong gi yod pa 'di/_nga tshos mig gis pha bltas pa las la brten nas/_yong gi yod na/__,https://d38pmlk0v88drf.cloudfront.net/wav16k/STT_TT00204_00497.500-00503.850.wav,STT_TT,3,171,6.350000000000023,wav16k/STT_TT00204_00497.500-00503.850.wav,ད་ད་ལྟའི་གནས་ཚུལ་ལ་མར་འདུག་སེ་བལྟས་ཡོང་དུས་དེ་བ། ལས་འདི་བསགས་པ་ལ་བརྟེན་ནས། འབྲས་བུ་འདི་ལྟ་བུ་ཞིག་ཡོང་གི་ཡོད་པ་འདི། ང་ཚོའི་མིག་གིས་ཕར་བལྟས་པ་ལ་བརྟེན་ནས་ཡོང་གི་ཡོད་ན།
STT_TT00203_01278.700-01285.550,ད་འདི་འདྲའི་ཐོན་ནས་ཡ་རྒྱུད་ལ་བྱང་ཆུབ་ཀི་སེམས་དངོས་གཞི་ཨ་ད་བསྐྱེད་ཀི་ཡོད་མ་རེད། དངོས་ནས་དཔེ་བྱང་ཆུབ་ཀི་སེམས་བསྐྱེད་བྱས་ང་ཚོའི་རྒྱུད་ལ་ཡ་དཔེ་བློ་ཐབས་ཆེན་མོ་ཞེ་བོ་ཅིག་ ,da 'di 'dra'i thon nas ya rgyud la byang chub ki sems dngos gzhi a da bskyed ki yod ma red/_dngos nas dpe byang chub ki sems bskyed byas nga tsho'i rgyud la ya dpe blo thabs chen mo zhe bo cig _,https://d38pmlk0v88drf.cloudfront.net/wav16k/STT_TT00203_01278.700-01285.550.wav,STT_TT,3,165,6.849999999999909,wav16k/STT_TT00203_01278.700-01285.550.wav,ད་དེ་འདྲ་གི་ཐོག་ནས། རྒྱུད་ལ་ཡ། བྱང་ཆུབ་ཀི་སེམས་དངོས་གཞི་རང་དི། སྐྱེ་ཐུབ་བསྡད་ཡོད་མ་རེད། དངོས་གནས་དཔེ་བྱང་ཆུབ་ཀི་སེམས་བསྐྱེད་བྱས། ང་ཚོའི་རྒྱུད་ལ་ཡ། དཔེ་བློ་སྟོབས་ཆེན་པོ་ཞེ་བོ་ཅིག
STT_TT00203_01285.850-01287.900,དེ་འདྲ་ཤུགས་ཆེན་པོ་དེ་འདྲ་ཆག་ཡ་ད་ཡོད་མ་རེད་ད་ ,de 'dra shugs chen po de 'dra chag ya da yod ma red da _,https://d38pmlk0v88drf.cloudfront.net/wav16k/STT_TT00203_01285.850-01287.900.wav,STT_TT,3,46,2.050000000000182,wav16k/STT_TT00203_01285.850-01287.900.wav,དེ་འདྲ་གི་ཤུགས་ཆེན་པོ་དེ་འདྲ་ལྟ། ཆགས་བསྡད་ཡོད་མ་རེད།
STT_TT00203_01288.350-01290.000,ད་ང་ཚོ་ཨ་ནས་ཆོལ་ཁ་ལ་རྟེན་བྱས་ ,da nga tsho a nas chol kha la rten byas _,https://d38pmlk0v88drf.cloudfront.net/wav16k/STT_TT00203_01288.350-01290.000.wav,STT_TT,3,30,1.650000000000091,wav16k/STT_TT00203_01288.350-01290.000.wav,ད་ང་ཚོ་ཨ་ལེ། ཆོ་ག་ལ་བརྟེན་བྱས།
STT_TT00203_01290.400-01291.600,བྱང་ཆུབ་ཀི་སེམས་བསྐྱེད་ཀི་ཡིན་ཟེར་ ,byang chub ki sems bskyed ki yin zer _,https://d38pmlk0v88drf.cloudfront.net/wav16k/STT_TT00203_01290.400-01291.600.wav,STT_TT,3,35,1.199999999999818,wav16k/STT_TT00203_01290.400-01291.600.wav,བྱང་ཆུབ་ཀི་སེམས་བསྐྱེད་ཀི་ཡིན་།
STT_TT00203_01292.200-01292.900,ལེན་ཟློས་གི་ཟོལ་ ,len zlos gi zol _,https://d38pmlk0v88drf.cloudfront.net/wav16k/STT_TT00203_01292.200-01292.900.wav,STT_TT,3,17,0.7000000000000455,wav16k/STT_TT00203_01292.200-01292.900.wav,ལད་ཟློས་ཀི་ཟོལ
STT_TT00203_01293.050-01294.250,ཟེར་ན་མི་འདུག་དེ་འདྲ་གི་ཐོག་ནས་ ,zer na mi 'dug de 'dra gi thog nas _,https://d38pmlk0v88drf.cloudfront.net/wav16k/STT_TT00203_01293.050-01294.250.wav,STT_TT,3,32,1.2000000000000457,wav16k/STT_TT00203_01293.050-01294.250.wav,ཟེར་ནའ་མི་འདུག དེ་འདྲ་གི་ཐོག་ནས།
STT_TT00203_01294.650-01295.950,བྱང་ཆུབ་ཀི་སེམས་ཆོད་ཁའི་ཐོག་ནས་ ,byang chub ki sems chod kha'i thog nas _,https://d38pmlk0v88drf.cloudfront.net/wav16k/STT_TT00203_01294.650-01295.950.wav,STT_TT,3,32,1.2999999999999543,wav16k/STT_TT00203_01294.650-01295.950.wav,བྱང་ཆུབ་ཀི་སེམས་ ཆོ་གའི་ཐོག་ནས།
STT_TT00204_00504.050-00509.550,མ་འོངས་པ་ན། ང་ཚོས་དཔེ། མངོན་ཤེས་ཀི་ཐོག་ནས་ད། གཟིགས་ཐུབ་གི་མ་རེད་དེ། འདིའི་ཡ་ཅིག རྒྱུ་མཚན་མ་སྒྱུ་མ་ཕུ་འདེད་ཀི་ཟོལ་འདྲ་ཞིག་གཏང་བྱས།  ,ma 'ongs pa na/_nga tshos dpe/_mngon shes ki thog nas da/_gzigs thub gi ma red de/_'di'i ya cig_rgyu mtshan ma sgyu ma phu 'ded ki zol 'dra zhig gtang byas/__,https://d38pmlk0v88drf.cloudfront.net/wav16k/STT_TT00204_00504.050-00509.550.wav,STT_TT,3,131,5.5,wav16k/STT_TT00204_00504.050-00509.550.wav,མ་འོངས་པ་ན། ང་ཚོས་དཔེ་མངོན་ཤེས་ཀི་ཐོག་ནས་ད། ཟིར་ཐུབ་ཀི་མ་རེད་དེ། འདི་ཡ་ཅིག་རྒྱུ་མཚན་མ། རྒྱུ་མ་ཕུན་འདེད་ཀི་ཟོལ་ཅིག་བཏང་བྱས།
STT_TT00204_00513.050-00518.000,ད་སང་ཉིན་ནས། ངས་ཕན་ཆད། ཟླ་བ་རྗེས་མ་ཕན་ཆད། ལོ་རྗེས་མ་ཕན་ཆད་ལས། ཕལ་ཆེར་ད་ག་རེད། བྱས་ནས། ང་ཚོས་ཐག་བཅད་བཞག་ན།  ,da sang nyin nas/_ngas phan chad/_zla ba rjes ma phan chad/_lo rjes ma phan chad las/_phal cher da ga red/_byas nas/_nga tshos thag bcad bzhag na/__,https://d38pmlk0v88drf.cloudfront.net/wav16k/STT_TT00204_00513.050-00518.000.wav,STT_TT,3,107,4.9500000000000455,wav16k/STT_TT00204_00513.050-00518.000.wav,ད་སང་ཉིན་གནངས་ཉིན་ཕན་ཆད། ཟླ་བ་རྗེས་མ་ཕན་ཆད། ལོ་རྗེས་མ་ཕན་ཆད་ལ། ཕལ་ཆེར་ད་ག་རེད་བྱས་ནས། ང་ཚོས་ཐག་བཅད་བཞག་ན།
STT_TT00204_00518.200-00519.350,ཐག་བརྒྱ་ཆ་བརྒྱ་ཐམ་པ་བཅད་ཐུབ་ཀི།  ,thag brgya cha brgya tham pa bcad thub ki/__,https://d38pmlk0v88drf.cloudfront.net/wav16k/STT_TT00204_00518.200-00519.350.wav,STT_TT,3,33,1.1499999999999773,wav16k/STT_TT00204_00518.200-00519.350.wav,ཐག་བརྒྱ་ཆ་བརྒྱ་ཐམ་པ་བཅད་ཐུབ་ཀི
STT_TT00203_01296.300-01297.000,ལེན་ཡ་གི་ཐབས་བྱུས་ ,len ya gi thabs byus _,https://d38pmlk0v88drf.cloudfront.net/wav16k/STT_TT00203_01296.300-01297.000.wav,STT_TT,3,19,0.7000000000000455,wav16k/STT_TT00203_01296.300-01297.000.wav,ལེན་ཡ་གི་ཐབས་བྱེས།
STT_TT00204_00519.800-00521.200,ག་རེ་ཟེར་ན། ཁོས་རྒྱུ་འདི་བསགས་སོང་ང་།  ,ga re zer na/_khos rgyu 'di bsags song nga /__,https://d38pmlk0v88drf.cloudfront.net/wav16k/STT_TT00204_00519.800-00521.200.wav,STT_TT,3,39,1.400000000000091,wav16k/STT_TT00204_00519.800-00521.200.wav,ག་རེ་ཟེར་ན། ཁོས་རྒྱུ་འདི་བསགས་སོང་ང་།
STT_TT00204_00521.800-00523.050,འདི་སོང་ཙང་། འབྲས་བུ་འདི་ཡོང་གི་རེད་དཱ།  ,'di song tsang /_'bras bu 'di yong gi red dA/__,https://d38pmlk0v88drf.cloudfront.net/wav16k/STT_TT00204_00521.800-00523.050.wav,STT_TT,3,41,1.25,wav16k/STT_TT00204_00521.800-00523.050.wav,དེ་སོང་ཙང་། འབྲས་བུ་འདི་ཡོང་གི་རེད་དཱ།
STT_TT00204_00523.600-00525.900,ད་ཁོས་རྒྱུ་འདི་བསགས་སོང་ཙང་། འདི་སོང་ཙང་། འབྲས་བུ་འདི་ཡོང་གི་རེད་དཱ་བྱས།  ,da khos rgyu 'di bsags song tsang /_'di song tsang /_'bras bu 'di yong gi red dA byas/__,https://d38pmlk0v88drf.cloudfront.net/wav16k/STT_TT00204_00523.600-00525.900.wav,STT_TT,3,74,2.2999999999999545,wav16k/STT_TT00204_00523.600-00525.900.wav,ད་ཁོས་རྒྱུ་འདི་བསགས་སོང་ང་། འདི་སོང་ཙང་འབྲས་བུ་འདི་ཡོང་གི་རེད་དཱ་ཟེ།
STT_TT00204_00526.250-00526.800,དེ་འདྲ་གསུངས་བསྡད་ཀི་འདུག ,de 'dra gsungs bsdad ki 'dug_,https://d38pmlk0v88drf.cloudfront.net/wav16k/STT_TT00204_00526.250-00526.800.wav,STT_TT,3,26,0.5499999999999545,wav16k/STT_TT00204_00526.250-00526.800.wav,དེ་འདྲ་སུང་བསྡད་ི་འདུག
STT_TT00203_01297.700-01299.950,དེ་སྔོན་ང་ཚོ་བྱང་ཆུབ་སེམས་དཔའི་སྡོམ་པ་དང་བཅས་བ་གང་ག་ཆ་ཚང་གཅིག་ ,de sngon nga tsho byang chub sems dpa'i sdom pa dang bcas ba gang ga cha tshang gcig _,https://d38pmlk0v88drf.cloudfront.net/wav16k/STT_TT00203_01297.700-01299.950.wav,STT_TT,3,63,2.25,wav16k/STT_TT00203_01297.700-01299.950.wav,ད་ཉིན་ང་ཚོ་བྱང་ཆུབ་སེམས་དཔའི་སྡོམ་པ་དང་བཅས་པ་གང་ག་ཆ་ཚང་ཅིག
STT_TT00204_00527.100-00531.600,ད་འདི་ཡིན་པ་འདི། ང་རང་ཚོ། བཅོམ་ལྡན་འདས་ཀིས། འཛངས་ལུང་ལ་སོགས་པ། མདོ་མང་པོ་ཞེ་བོ་ཞིག་ནང་ལ་ཡོང་བསྡད་ཀི་ཡོད་པ།  ,da 'di yin pa 'di/_nga rang tsho/_bcom ldan 'das kis/_'dzangs lung la sogs pa/_mdo mang po zhe bo zhig nang la yong bsdad ki yod pa/__,https://d38pmlk0v88drf.cloudfront.net/wav16k/STT_TT00204_00527.100-00531.600.wav,STT_TT,3,108,4.5,wav16k/STT_TT00204_00527.100-00531.600.wav,ད་འདི་ཡིན་པ་འདི། ང་རང་ཚོ་བཅོམ་ལྡན་འདས་ཀི་འཛང་བླུང་ལ་སོགས་པ། མདོ་མང་པོ་ཞེ་བོ་ཞིག་ནང་ཡོང་བསྡད་ཀི་ཡོད་པ།
STT_TT00204_00577.600-00578.250,ཞེ་བོ་ཞིག་གལ་ཆེན་པོ ,zhe bo zhig gal chen po_,https://d38pmlk0v88drf.cloudfront.net/wav16k/STT_TT00204_00577.600-00578.250.wav,STT_TT,3,20,0.6499999999999773,wav16k/STT_TT00204_00577.600-00578.250.wav,ཞེ་བོ་ཅིག་གལ་ཆེན་པོ།
STT_TT00204_00563.100-00564.350,སངས་རྒྱས་བཅོམ་ལྡན་འདས་ཀིས། དེ་འདྲ་རྐྱང་རྐྱང་གསུངས་བཞུགས་ཀི ,sangs rgyas bcom ldan 'das kis/_de 'dra rkyang rkyang gsungs bzhugs ki_,https://d38pmlk0v88drf.cloudfront.net/wav16k/STT_TT00204_00563.100-00564.350.wav,STT_TT,3,59,1.25,wav16k/STT_TT00204_00563.100-00564.350.wav,སངས་རྒྱས་བཅོམལྡན་འད་ིས་ ེ་འདྲ་རྱང་རྐྱང་གསུངས་ཞག་གི
STT_TT00204_00564.850-00568.250,ད་ང་ཚོ། བག་ཡོད་ཟེར་ཡ་འདི། དགོངས་པ་ཡག་པོ་ཞིག་བཞེས་ཤོག་ཡ། འདི་ལེའུ་བཞི་པའི་ནང་གི་གནས་ཚུལ།  ,da nga tsho/_bag yod zer ya 'di/_dgongs pa yag po zhig bzhes shog ya/_'di le'u bzhi pa'i nang gi gnas tshul/__,https://d38pmlk0v88drf.cloudfront.net/wav16k/STT_TT00204_00564.850-00568.250.wav,STT_TT,3,89,3.3999999999999773,wav16k/STT_TT00204_00564.850-00568.250.wav,ད་ང་ཚོ་བག་ཡོད་ཟེར་ཡ་འདི། དགོངས་པ་ཡག་པོ་ཞིག་བཞེས་ཤོག་ཨ། འདི་ལེའུ་བཞི་པའི་ནང་གི གནས་ཚུལ།
STT_TT00204_00029.300-00032.200,ད་ཅིག་འགྲིག་གི་ཟེར་འགྲིག་གི་ཟེར་འགྲིག་གི་ཟེར་བསམ་ས་ཅིག་ཐོན་ནས་ཏོས་ཟིག་ ,da cig 'grig gi zer 'grig gi zer 'grig gi zer bsam sa cig thon nas tos zig _,https://d38pmlk0v88drf.cloudfront.net/wav16k/STT_TT00204_00029.300-00032.200.wav,STT_TT,3,71,2.900000000000002,wav16k/STT_TT00204_00029.300-00032.200.wav,ད་ཅིག་འགྲིག་གི་རེད། འགྲིག་གི་རེད། འགྲིག་གི་རེད་བསམ་བསམ་འདྲ་ཞིག་གི་ཐོག་ནས། འདུག་སེ
STT_TT00204_00569.100-00573.100,ད་བག་ཡོད་འདི་སྒོམ་པར་བྱེད་པ་ལ་ཡ། ག་རེ་དགོས་རེད་ཟེར་དུས་དེ་བ། ཤེས་བཞིན་ཟེར་ཡ་འདི། ཡིན་གཅིག་མིན་གཅིག་དགོས་བསྡད་ཀི་ཡོད་རེད།  ,da bag yod 'di sgom par byed pa la ya/_ga re dgos red zer dus de ba/_shes bzhin zer ya 'di/_yin gcig min gcig dgos bsdad ki yod red/__,https://d38pmlk0v88drf.cloudfront.net/wav16k/STT_TT00204_00569.100-00573.100.wav,STT_TT,3,122,4.0,wav16k/STT_TT00204_00569.100-00573.100.wav,ད་བག་ཡོད་དེ་སྒོམ་པར་བྱེད་པ་ལ། ག་རེ་དགོས་རེད་ཟེར་དུས་དེ་བ། ཤེས་བཞིན་ཟེར་ཡ་འདེ། ཡིན་གཅིག་མིན་གཅིག་དགོས་བསྡད་ཀི་ཡོད་རེད།
STT_TT00204_00573.750-00574.400,ཤེས་བཞིན་ཟེར་ཡ་ཞིག ,shes bzhin zer ya zhig_,https://d38pmlk0v88drf.cloudfront.net/wav16k/STT_TT00204_00573.750-00574.400.wav,STT_TT,3,19,0.6499999999999773,wav16k/STT_TT00204_00573.750-00574.400.wav,ཤེས་བཞིན་ཟེར་ཡ་ཞིག
STT_TT00204_00574.850-00576.000,གལ་ཆེན་པོ་ཞེ་བོ་ཞིག་ཆགས་བསྡད་ཀི་ཡོད་རེད།  ,gal chen po zhe bo zhig chags bsdad ki yod red/__,https://d38pmlk0v88drf.cloudfront.net/wav16k/STT_TT00204_00574.850-00576.000.wav,STT_TT,3,42,1.1499999999999773,wav16k/STT_TT00204_00574.850-00576.000.wav,གལ་ཆེན་པོ་ཞེ་བོ་ཆགས་བསྡད་ཀི་ཡོད་རེད།
STT_TT00204_00576.300-00577.100,དཔེ་མི་སྲིད་གལ་ཆེན་པོ།  ,dpe mi srid gal chen po/__,https://d38pmlk0v88drf.cloudfront.net/wav16k/STT_TT00204_00576.300-00577.100.wav,STT_TT,3,24,0.8000000000000682,wav16k/STT_TT00204_00576.300-00577.100.wav,དཔེ་མི་སྲིད་པའི་གལ་ཆེན་པོ།
STT_TT00204_00584.550-00586.500,ནང་ལོགས་ཡ་གེ བསྡད་སྡོད་ངེ་གི སོ་སོས་སོ་སོ།  ,nang logs ya ge_bsdad sdod nge gi_so sos so so/__,https://d38pmlk0v88drf.cloudfront.net/wav16k/STT_TT00204_00584.550-00586.500.wav,STT_TT,3,44,1.9500000000000453,wav16k/STT_TT00204_00584.550-00586.500.wav,ནང་ལོགས་ཡ་གེ་བསྡད་སྡོད་ངེ་གི སོ་སོ་སོ་སོའ་
STT_TT00204_00578.750-00580.650,ཤེས་བཞིན་ཟེར་དུས། ང་ཚོ་ག་རེ་བྱས་ཀོ་རེད་ཟེར་ན། དེ་འདྲ་ཟོལ་འདྲ་ཞིག་རེད་དཱ།  ,shes bzhin zer dus/_nga tsho ga re byas ko red zer na/_de 'dra zol 'dra zhig red dA/__,https://d38pmlk0v88drf.cloudfront.net/wav16k/STT_TT00204_00578.750-00580.650.wav,STT_TT,3,74,1.8999999999999773,wav16k/STT_TT00204_00578.750-00580.650.wav,ཤེས་བཞིན་ཟེར་དུས། ང་ཚོས་ག་རེ་བྱེད་ཀི་ཡོད་རེད་ཟེར་ན། དེ་འདྲ་ཟོལ་ཞིག་རེད་ད།
STT_TT00204_00581.050-00584.100,བག་ཡོད་ཟེར་ཡ་འདི། ག་རེ་ཟེར་ན། ཡ་གེ་ནང་ཡ་གེ་སྡོད་བསྡད་ངེ་།  ,bag yod zer ya 'di/_ga re zer na/_ya ge nang ya ge sdod bsdad nge /__,https://d38pmlk0v88drf.cloudfront.net/wav16k/STT_TT00204_00581.050-00584.100.wav,STT_TT,3,59,3.050000000000068,wav16k/STT_TT00204_00581.050-00584.100.wav,བག་ཡོད་ཟེར་ཡ་འདི་ག་རེ་རེད་ཟེར་ན། ཡ་གི་ནང་ཡ་གེ་བསྡད་བསྡད་ངེ།
STT_TT00204_00586.900-00589.150,དེ་དེ་འདྲ་བྱེད་རྒྱུ་མེད་ཨ། དེ་འདྲ་བྱེད་དགོས་ཀི་ཡོད་ཨ།  ,de de 'dra byed rgyu med a/_de 'dra byed dgos ki yod a/__,https://d38pmlk0v88drf.cloudfront.net/wav16k/STT_TT00204_00586.900-00589.150.wav,STT_TT,3,55,2.25,wav16k/STT_TT00204_00586.900-00589.150.wav,ད་འདི་འདྲ་བྱེད་རྒྱུ་མེད་ཨ། འདི་འདྲ་བྱེད་དགོས་ཀི་ཡོད་ཨ།
STT_TT00204_00589.450-00591.250,དེ་འདྲ་བྱེད་ན། ཉེན་ཁ་ཡོད་ཨ། བསམ་བསམ་གི དེ་འདྲ་གི ,de 'dra byed na/_nyen kha yod a/_bsam bsam gi_de 'dra gi_,https://d38pmlk0v88drf.cloudfront.net/wav16k/STT_TT00204_00589.450-00591.250.wav,STT_TT,3,49,1.7999999999999543,wav16k/STT_TT00204_00589.450-00591.250.wav,དེ་འདྲ་བྱས་ན། ཉེན་ཁ་ཡོད་ཨ་བསམ་བསམ་གི་དེ་འདྲ་གི་ཅིག
STT_TT00204_00532.300-00536.700,འཛམ་པོ་གླིང་རེད། མདོ་སྡེ་བརྒྱད་པ་རེད། རྟོག་བརྗོད་བརྒྱ་བ་རེད།་དེ་འདྲ་མང་པོ་ཅིག་གི་ནང་ལ་ཡ། ཨོ་དེ་འདྲ་མང་པོ་ཞེས་པོ་ཐོན་གི་འདུག་བ།  ,'dzam po gling red/_mdo sde brgyad pa red/_rtog brjod brgya ba red/ de 'dra mang po cig gi nang la ya/_o de 'dra mang po zhes po thon gi 'dug ba/__,https://d38pmlk0v88drf.cloudfront.net/wav16k/STT_TT00204_00532.300-00536.700.wav,STT_TT,3,128,4.400000000000091,wav16k/STT_TT00204_00532.300-00536.700.wav,འཛམ་བུ་གླུང་རེད། མདོ་སྡེ་ལས་བརྒྱབ་པ་རེད། རྟོགས་བཔཅོས་བརྒྱབ་པ་རེད། དེ་འདྲ་མང་པོ་ཅིག་ནང་ལ་ཡ། འོ་དེ་འདྲ་མང་པོ་ཞེ་བོ་འདོན་བསྡད་ཀི་འདུག་ག
STT_TT00204_00536.950-00540.200,ཀུན་དགའ་བོ་ལ་སོགས་པ་ད། ཁོ་རང་ཚོས་སངས་རྒྱས་བཅོམ་ལྡན་འདས་ལ་ཡར་བཀའ་དྲི་ཞུ་ཡོང་དུས་དེ་བ་ཨོ།  ,kun dga' bo la sogs pa da/_kho rang tshos sangs rgyas bcom ldan 'das la yar bka' dri zhu yong dus de ba o/__,https://d38pmlk0v88drf.cloudfront.net/wav16k/STT_TT00204_00536.950-00540.200.wav,STT_TT,3,89,3.25,wav16k/STT_TT00204_00536.950-00540.200.wav,ཀུན་དཀར་པོ་ལ་སོགས་པ་དང་། ཁོ་རྣང་ཚོས།་སངས་རྒྱས་བཅོམ་ལྡན་འདས་ལ་ཡར་བཀའ་འདྲི་ཞུས་ཡོང་དུས་དེ་བ། འོ།
STT_TT00204_00540.500-00541.700,ད་གས་དེའི་ཨ་ཅག་ལགས་འདིས་ ,da gas de'i a cag lags 'dis _,https://d38pmlk0v88drf.cloudfront.net/wav16k/STT_TT00204_00540.500-00541.700.wav,STT_TT,3,25,1.2000000000000457,wav16k/STT_TT00204_00540.500-00541.700.wav,ད་གིན་འདི་ཨ་ཅག་ལགས་འདི།
STT_TT00204_00541.850-00544.100,སྐྱེ་བ་སྔ་མ་སྔ་མ་སྔ་མ་ཅིག་གི་ཁ་ཐུག་ལ་དེ་འདྲ་དེ་འདྲ་བྱས་ཤ།  ,skye ba snga ma snga ma snga ma cig gi kha thug la de 'dra de 'dra byas sha/__,https://d38pmlk0v88drf.cloudfront.net/wav16k/STT_TT00204_00541.850-00544.100.wav,STT_TT,3,59,2.25,wav16k/STT_TT00204_00541.850-00544.100.wav,སྐྱེ་བ་སྔ་མ་སྔ་མ་ཅིག་ཁ་ཐུག་ལ། དེ་འདྲ་དེ་འདྲ་བྱས་ཤག
STT_TT00204_00544.300-00551.400,ཨོ་དེ་འདྲ་བྱས་བ་ལ་རྟེན་བྱས། ད་རེས་དཀའ་ངལ་དེ་འདྲ་དེ་འདྲ་འཕྲད་པ་རེད། ཡང་འདིའི་པ་ལགས་དེ་སྔོན་མ་སྔོན་མ་ཅིག་ལ་ལས་ཀ་ཡག་པོ་འདི་འདྲ་འདི་འདྲ་བྱས་ཤག ,o de 'dra byas ba la rten byas/_da res dka' ngal de 'dra de 'dra 'phrad pa red/_yang 'di'i pa lags de sngon ma sngon ma cig la las ka yag po 'di 'dra 'di 'dra byas shag_,https://d38pmlk0v88drf.cloudfront.net/wav16k/STT_TT00204_00544.300-00551.400.wav,STT_TT,3,139,7.100000000000023,wav16k/STT_TT00204_00544.300-00551.400.wav,འོ་དེ་འདྲ་བྱས་པ་ལ་བརྟེན་བྱས། ད་རེས་དཀའ་ངལ་དེ་འདྲ་དེ་འདྲ་འཕྲད་པ་རེད། ཡང་འདིའ་པ་ལགས་འདི་སྔ་མོ་སྔ་མོ་ཅིག་ལ་ཡ། ལས་ཀ་ཡག་པོ་དེ་འདྲ དེ་འདྲདེ་འདྲ་བྱས་ཤག
STT_TT00204_00551.750-00553.800,འདི་བྱས་པ་ལ་རྟེན་ནས། ད་རེས་སངས་རྒྱས་ཀི་ཞལ་མཇལ།  ,'di byas pa la rten nas/_da res sangs rgyas ki zhal mjal/__,https://d38pmlk0v88drf.cloudfront.net/wav16k/STT_TT00204_00551.750-00553.800.wav,STT_TT,3,48,2.0499999999999545,wav16k/STT_TT00204_00551.750-00553.800.wav,འདི་བྱས་པ་ལ་བརྟེན་བྱས། ད་རེས་སངས་རྒྱས་ཀི་ཞལ་མཇལ།
STT_TT00204_00554.150-00555.150,སངས་རྒྱས་ཀི་གསུང་ཐོས་ ,sangs rgyas ki gsung thos _,https://d38pmlk0v88drf.cloudfront.net/wav16k/STT_TT00204_00554.150-00555.150.wav,STT_TT,3,22,1.0,wav16k/STT_TT00204_00554.150-00555.150.wav,སངས་རྒྱས་ཀི་གསུང་ཐོས།
STT_TT00204_00555.450-00556.650,རྟོགས་པ་ཡོན་ཏན་ཆེན་མོ་ད་ག་འདྲ་བོ་ཅིག་ ,rtogs pa yon tan chen mo da ga 'dra bo cig _,https://d38pmlk0v88drf.cloudfront.net/wav16k/STT_TT00204_00555.450-00556.650.wav,STT_TT,3,38,1.1999999999999318,wav16k/STT_TT00204_00555.450-00556.650.wav,རྟོགས་པ་ཡོན་ཏན་ཆེན་པོ་ད་ག་འདྲ་བོ་ཅིག
STT_TT00204_00557.050-00558.950,དགེ་འདུན་ཐམས་ཅད་ལོ་དཔེ་ཕྱག་འཚལ་འོས་སོ ,dge 'dun thams cad lo dpe phyag 'tshal 'os so_,https://d38pmlk0v88drf.cloudfront.net/wav16k/STT_TT00204_00557.050-00558.950.wav,STT_TT,3,38,1.900000000000091,wav16k/STT_TT00204_00557.050-00558.950.wav,དགེ་འདུན་ཐམས་ཅད་ལོ་གི་དཔེ་ཕྱག་འཚལ་འོས་ེ།
STT_TT00204_00559.200-00562.550,འདི་འདྲ་ཅིག་ཆགས་དགོས་བ་དེ་ཨོ་སྐྱེ་བ་སྔོན་མ་ལ་དེ་འདྲ་དེ་འདྲ་བྱས་འདུག་ཨ་ ,'di 'dra cig chags dgos ba de o skye ba sngon ma la de 'dra de 'dra byas 'dug a _,https://d38pmlk0v88drf.cloudfront.net/wav16k/STT_TT00204_00559.200-00562.550.wav,STT_TT,3,71,3.349999999999909,wav16k/STT_TT00204_00559.200-00562.550.wav,དེ་འདྲ་ཞིག་ཆགས་དགོས་ཡ་དི། འོ་སྐྱེ་བ་སྔ་མ་ལ། དེ་འདྲ་དེ་འདྲ་བྱས་འདུག་གཱ
STT_TT00204_00607.300-00609.100,ཨེ་ནས་ང་ཚོ་འདི་ནས་རླུང་འདྲ་ཟིག་བྱས་ནས་ཨེ་ནས་མར་ཟིག་ཐོན།  ,e nas nga tsho 'di nas rlung 'dra zig byas nas e nas mar zig thon/__,https://d38pmlk0v88drf.cloudfront.net/wav16k/STT_TT00204_00607.300-00609.100.wav,STT_TT,3,57,1.8000000000000682,wav16k/STT_TT00204_00607.300-00609.100.wav,ཨེ་ནས། གང་འཚམ་ཅིག་ནས། རླུང་དྲ་ཅིག་བྱས། ཨེ་ནས་མ་ི་འདོན།
STT_TT00204_00609.300-00611.600,ཨེ་ནས་གང་ལྟར་ལོག་ནི་ལོག་ཡོང་རྒྱུ་རེད་མ་བྱེད་ནས་ ,e nas gang ltar log ni log yong rgyu red ma byed nas _,https://d38pmlk0v88drf.cloudfront.net/wav16k/STT_TT00204_00609.300-00611.600.wav,STT_TT,3,48,2.300000000000068,wav16k/STT_TT00204_00609.300-00611.600.wav,ཨེ་ནས།ྱི་ནས་གང་ལྟར་ལོག་ནི་ལོག་ཡོང་རྒྱུ་རེད་བ། མ་གཏོགས་ཅིག་གི
STT_TT00204_00611.750-00613.550,ཡང་རླུང་གི་ཤི་སོང་ན་ནི་ཨ་ཅག་ནོར་འཁྲུལ་རེད་བ་ ,yang rlung gi shi song na ni a cag nor 'khrul red ba _,https://d38pmlk0v88drf.cloudfront.net/wav16k/STT_TT00204_00611.750-00613.550.wav,STT_TT,3,45,1.7999999999999543,wav16k/STT_TT00204_00611.750-00613.550.wav,ཡར་རླུང་ཤི་ཟོང་ན། རང་ཅ་ཡ་ལོག་རྒྱུ་རེད་བ།
STT_TT00204_00613.800-00614.800,འདི་ལུང་པ་ཐོན་བྱས་ ,'di lung pa thon byas _,https://d38pmlk0v88drf.cloudfront.net/wav16k/STT_TT00204_00613.800-00614.800.wav,STT_TT,3,19,1.0,wav16k/STT_TT00204_00613.800-00614.800.wav,རྦེ་ལུང་པ་ཐོན་བྱས།
STT_TT00204_00615.050-00616.150,ནང་དེ་བཞག་བྱས་ ,nang de bzhag byas _,https://d38pmlk0v88drf.cloudfront.net/wav16k/STT_TT00204_00615.050-00616.150.wav,STT_TT,3,15,1.1000000000000227,wav16k/STT_TT00204_00615.050-00616.150.wav,ནང་དེ་བཞག་བྱས།
STT_TT00204_00616.400-00618.700,འགྲོ་ཡ་ནི་ཡོད་མ་རེད་ཨེ་ནས་ལོག་ཡོང་རྒྱུ་རེད་གང་ལྟར་ ,'gro ya ni yod ma red e nas log yong rgyu red gang ltar _,https://d38pmlk0v88drf.cloudfront.net/wav16k/STT_TT00204_00616.400-00618.700.wav,STT_TT,3,51,2.300000000000068,wav16k/STT_TT00204_00616.400-00618.700.wav,འགྲོ་ཡ་ནི་ཡོད་མ་རེད། ཨེ་ནས་ལོག་ཡོང་རྒྱུ་རེད། གང་ལྟ།
STT_TT00204_00619.050-00621.200,དེ་གཅོ་བོ་གཙོ་བོ་དེ་གང་ཟེར་དུས་དེ་བ་ལ་ཁ་ལ་ཟབ་ཟབ་མ་བྱས་ ,de gco bo gtso bo de gang zer dus de ba la kha la zab zab ma byas _,https://d38pmlk0v88drf.cloudfront.net/wav16k/STT_TT00204_00619.050-00621.200.wav,STT_TT,3,55,2.150000000000091,wav16k/STT_TT00204_00619.050-00621.200.wav,དེ་གཙོ་བོ་གཙོ་བོ་འདེ།་ག་རེ་ཟེར་དུས་དེ་བ། ཁ་ལ་གཟབ་ཟབ་མ་བྱ།
STT_TT00204_00621.700-00623.800,ད་དོན་དག་རྡོག་རྡོག་དེ་བག་ཡོད་བག་ཡོད་ཟེར་བ་འདུག་བ ,da don dag rdog rdog de bag yod bag yod zer ba 'dug ba_,https://d38pmlk0v88drf.cloudfront.net/wav16k/STT_TT00204_00621.700-00623.800.wav,STT_TT,3,49,2.099999999999909,wav16k/STT_TT00204_00621.700-00623.800.wav,ད་དེ་དོན་རྡོག་རྡོག་དེ། བག་ཡོད། བག་ཡོད་ཟེར་ཡ་ཞིག་འདུག་གཱ
STT_TT00204_00624.250-00626.750,བག་ཡོད་བག་ཡོད་ཟེར་དུས་དེ་བ། བག་ལེབ་ཡོད་རེད་ཟེར་གི་ཡོད་པ་མ་རེད་ད།  ,bag yod bag yod zer dus de ba/_bag leb yod red zer gi yod pa ma red da/__,https://d38pmlk0v88drf.cloudfront.net/wav16k/STT_TT00204_00624.250-00626.750.wav,STT_TT,3,66,2.5,wav16k/STT_TT00204_00624.250-00626.750.wav,བག་ཡོད་བག་ཡོད་ཟེར་དུས་དེ་བ། བག་ལེབ་ཡོད་རེད་ཟེར་གི་ཡོད་མ་རེད་དཱ།
STT_TT00204_00591.750-00593.050,དོགས་ཟོན་བྱེད་ཡ་མི་མི་འདུག ,dogs zon byed ya mi mi 'dug_,https://d38pmlk0v88drf.cloudfront.net/wav16k/STT_TT00204_00591.750-00593.050.wav,STT_TT,3,27,1.2999999999999543,wav16k/STT_TT00204_00591.750-00593.050.wav,གདོགས་ཟོན་བྱེད་ཡ་ཟེར་ནའ་མི་འདུག
STT_TT00204_00593.350-00594.550,རིག་པ་སྒྲིམ་ཡ་གི་ཟེར་ནའང་མི་འདུག ,rig pa sgrim ya gi zer na'ang mi 'dug_,https://d38pmlk0v88drf.cloudfront.net/wav16k/STT_TT00204_00593.350-00594.550.wav,STT_TT,3,33,1.1999999999999318,wav16k/STT_TT00204_00593.350-00594.550.wav,རིག་པ་སྒྲིམ་ཡ་ཟེར་ནའ་མི་འདུག
STT_TT00204_00596.100-00597.450,དེ་འདྲ་གི་བསམ་ཚུལ་ཞིག་ཡོང་བསྡད་ཀི་ཡོད་རེད་བ།  ,de 'dra gi bsam tshul zhig yong bsdad ki yod red ba/__,https://d38pmlk0v88drf.cloudfront.net/wav16k/STT_TT00204_00596.100-00597.450.wav,STT_TT,3,46,1.3500000000000227,wav16k/STT_TT00204_00596.100-00597.450.wav,དེ་འདྲ་གི་བསམ་ཚུལ་ཅིག་ཡོང་བསྡད་ཀི་ཡོད་རེད་བ།
STT_TT00204_00627.200-00628.200,བག་ཡོད་ཟེར་དུས་དེ་བ་ལ་ ,bag yod zer dus de ba la _,https://d38pmlk0v88drf.cloudfront.net/wav16k/STT_TT00204_00627.200-00628.200.wav,STT_TT,3,23,1.0,wav16k/STT_TT00204_00627.200-00628.200.wav,བག་ཡོད་ཟེར་དུས་དེ་བ།
STT_TT00204_00597.900-00598.950,འོ་འདི་ལ། བག་ཡོད་ཟ།  ,'o 'di la/_bag yod za/__,https://d38pmlk0v88drf.cloudfront.net/wav16k/STT_TT00204_00597.900-00598.950.wav,STT_TT,3,21,1.0500000000000682,wav16k/STT_TT00204_00597.900-00598.950.wav,འོ་འདི་ལ་བག་ཡོད་ཟེ།
STT_TT00204_00599.700-00604.450,ཨེ་ནས། ང་ཚོའི་ནང་གི་ཨ་མ་དེ་འདྲ་ཡ། ཁག་ཅིག་ཡིན་ན་ལས། ཁ་ལ་གཟབ་གཟབ་མ་བྱེད་བྱས། ཨེ་ནས། ནང་གི་པ་བའི་ལག་པ་རྐྱང་ཡོང་ཡ་ཟོལ་དེ་འདྲ།  ,e nas/_nga tsho'i nang gi a ma de 'dra ya/_khag cig yin na las/_kha la gzab gzab ma byed byas/_e nas/_nang gi pa ba'i lag pa rkyang yong ya zol de 'dra/__,https://d38pmlk0v88drf.cloudfront.net/wav16k/STT_TT00204_00599.700-00604.450.wav,STT_TT,3,123,4.75,wav16k/STT_TT00204_00599.700-00604.450.wav,ཨེ་ནས། ང་ཚོ་ནང་གི་ཨ་མ་དེ་འདྲ་ཁག་ཅིག་ཡིན་ན་ལས། ཁ་ལ་གཟབ་གཟབ་མ་བྱས་བྱས། ཨེ་ནས། ནང་གི་པ་བས་ལག་པ་བཀྱག་ཡོང་ཡ་ི་ཟོལ་འདྲ།
STT_TT00204_00604.750-00605.450,དེ་འདྲ་ཡོང་བསྡད་ཀི་ཡོད་རེད་བ།  ,de 'dra yong bsdad ki yod red ba/__,https://d38pmlk0v88drf.cloudfront.net/wav16k/STT_TT00204_00604.750-00605.450.wav,STT_TT,3,31,0.7000000000000455,wav16k/STT_TT00204_00604.750-00605.450.wav,དེ་འདྲ་ཡོང་བསྡད་ཀི་ཡོད་རེད་བ།
STT_TT00204_00605.800-00606.700,གཟའ་སྐོར་ལ་གཟིགས་བསྡད་ཡ་ཟོལ་འདྲ།  ,gza' skor la gzigs bsdad ya zol 'dra/__,https://d38pmlk0v88drf.cloudfront.net/wav16k/STT_TT00204_00605.800-00606.700.wav,STT_TT,3,34,0.900000000000091,wav16k/STT_TT00204_00605.800-00606.700.wav,གཟའ་འཁོར་ལ་ཟེར་སྡོད་ཡ་ཟོལ
STT_TT00204_00656.450-00656.950,ཚོད་དཔག་བྱས་ནས།  ,tshod dpag byas nas/__,https://d38pmlk0v88drf.cloudfront.net/wav16k/STT_TT00204_00656.450-00656.950.wav,STT_TT,3,17,0.5,wav16k/STT_TT00204_00656.450-00656.950.wav,སོ་པ་བྱེ།
STT_TT00204_00657.400-00658.200,འོ་དེ་འདྲ་ཅིག་ལ་ཡ་བྱས།  ,'o de 'dra cig la ya byas/__,https://d38pmlk0v88drf.cloudfront.net/wav16k/STT_TT00204_00657.400-00658.200.wav,STT_TT,3,24,0.8000000000000682,wav16k/STT_TT00204_00657.400-00658.200.wav,འོ་དེ་འདྲ་ཞིག་ལ་ཡ་བ།
STT_TT00204_00628.500-00629.750,བག་ལེབ་གཅིག་ཡོད་རེད་ཟེར་གི་མ་རེད་ད་ ,bag leb gcig yod red zer gi ma red da _,https://d38pmlk0v88drf.cloudfront.net/wav16k/STT_TT00204_00628.500-00629.750.wav,STT_TT,3,36,1.25,wav16k/STT_TT00204_00628.500-00629.750.wav,བག་ལེབ་ཅིག་ཡོད་རེད།་ཟེར་གི་ཡོད་མ་རེད་དཱ།
STT_TT00204_00658.950-00660.850,ད་འདི་ཕྱི་ལོགས་ལ། ཕ་བསམ་བློ་གཏང་བྱས། ལབ་རྒྱུ་ཡོད་མ་རེད་དཱ།  ,da 'di phyi logs la/_pha bsam blo gtang byas/_lab rgyu yod ma red dA/__,https://d38pmlk0v88drf.cloudfront.net/wav16k/STT_TT00204_00658.950-00660.850.wav,STT_TT,3,60,1.8999999999999773,wav16k/STT_TT00204_00658.950-00660.850.wav,ད་འདི་ཕྱི་ལོགས་ལ།་ཕར་བསམ་བློ་བཏང་བྱས་ལབ་རྒྱུ་ཡོད་མ་རེད།
STT_TT00204_00661.250-00662.600,སོ་སོའི་ནང་ལོགས་ལ་ཚུར་བསམ་བློ་གཏང་བྱས།  ,so so'i nang logs la tshur bsam blo gtang byas/__,https://d38pmlk0v88drf.cloudfront.net/wav16k/STT_TT00204_00661.250-00662.600.wav,STT_TT,3,40,1.3500000000000227,wav16k/STT_TT00204_00661.250-00662.600.wav,སོ་སོའི་ནང་ལོགས་ལ་ཚུར་བསམ་བློ་བཏང་བྱས།
STT_TT00204_00663.300-00664.800,སོ་སོས་སོ་སོ་ཚུར་བསམ་བློ་གཏང་བྱས།  ,so sos so so tshur bsam blo gtang byas/__,https://d38pmlk0v88drf.cloudfront.net/wav16k/STT_TT00204_00663.300-00664.800.wav,STT_TT,3,35,1.5,wav16k/STT_TT00204_00663.300-00664.800.wav,སོ་སོས་སོ་སོ་ཚུར་བསམ་བློ་བཏང་བྱས།
STT_TT00204_00630.100-00631.350,བག་ཡོད་བག་ཡོད་ཟེར་དུས་དེ་བ་ལ་ ,bag yod bag yod zer dus de ba la _,https://d38pmlk0v88drf.cloudfront.net/wav16k/STT_TT00204_00630.100-00631.350.wav,STT_TT,3,30,1.25,wav16k/STT_TT00204_00630.100-00631.350.wav,བག་ཡོད། བག་ཡོད་ཟེར་དུས་དེ་བ།
STT_TT00204_00665.000-00668.200,འོ་ངའི་ལུས་ཀི་ཐོག་ནས། སྐྱོན་འདྲ་བོ་ཞིག་ག་འདྲ་ག་འདྲ། ཅིག་གི་ཐོག་ནས་ལྷག་ཡོང་གི་འདུག ,'o nga'i lus ki thog nas/_skyon 'dra bo zhig ga 'dra ga 'dra/_cig gi thog nas lhag yong gi 'dug_,https://d38pmlk0v88drf.cloudfront.net/wav16k/STT_TT00204_00665.000-00668.200.wav,STT_TT,3,82,3.200000000000045,wav16k/STT_TT00204_00665.000-00668.200.wav,འོ་ངའི་ལུས་ཀི་ཐོག་ནས། སྐྱོན་ར་ཅིག ག་འདྲ་ག་འདྲ་ཅིག་གི་ཐོག་ནས།་ལྷག་ཡོང་གི་འདུག
STT_TT00204_00668.750-00670.700,ངག་གི་ཐོག་ཅིག ང་ཁ་མང་པོ་ཞིག ,ngag gi thog cig_nga kha mang po zhig_,https://d38pmlk0v88drf.cloudfront.net/wav16k/STT_TT00204_00668.750-00670.700.wav,STT_TT,3,28,1.9500000000000453,wav16k/STT_TT00204_00668.750-00670.700.wav,ངག་གི་ཐོག་ནས་ཅིག ང་ཁ་མང་པོ་ར་ཅིག
STT_TT00204_00671.200-00672.300,ཡང་ན་ནི། ཁ་རྩུབ་པོ་འདྲ་ཞིག ,yang na ni/_kha rtsub po 'dra zhig_,https://d38pmlk0v88drf.cloudfront.net/wav16k/STT_TT00204_00671.200-00672.300.wav,STT_TT,3,27,1.099999999999909,wav16k/STT_TT00204_00671.200-00672.300.wav,ཡང་ན་ནི། ཁ་ཙུབ་རུ་ཞིག
STT_TT00204_00672.450-00673.200,བྱས། ཁ་ཅིག་མ།  ,byas/_kha cig ma/__,https://d38pmlk0v88drf.cloudfront.net/wav16k/STT_TT00204_00672.450-00673.200.wav,STT_TT,3,15,0.75,wav16k/STT_TT00204_00672.450-00673.200.wav,ྱ། ཁ་གཅིག་མར་
STT_TT00204_00674.350-00675.800,ཁ་འཇམ་པོ་ཟེར་དགོས་རེད་པས། ག་རེ་ཟེར་དགོས་རེད་དཱ།  ,kha 'jam po zer dgos red pas/_ga re zer dgos red dA/__,https://d38pmlk0v88drf.cloudfront.net/wav16k/STT_TT00204_00674.350-00675.800.wav,STT_TT,3,49,1.4499999999999318,wav16k/STT_TT00204_00674.350-00675.800.wav,ཁ་འཇམ་པོ་ཟེར་དགོས་རེད། ག་རེ་ཟེར་དགོས་རེད་ད།
STT_TT00204_00676.150-00679.050,ཁ་རྩུབ་པོ་འདྲ་ཞིག་ལ། སྐད་ཆ་བཤད་ཡོང་ཡ། འདི་གས་གང་ག་མ། ཅིག་ཨམ་ཆོག་ལ་མ།  ,kha rtsub po 'dra zhig la/_skad cha bshad yong ya/_'di gas gang ga ma/_cig am chog la ma/__,https://d38pmlk0v88drf.cloudfront.net/wav16k/STT_TT00204_00676.150-00679.050.wav,STT_TT,3,70,2.8999999999999773,wav16k/STT_TT00204_00676.150-00679.050.wav,ཁ་བཙུམ་པོ་དྲ་བྱས་བྱས། སྐད་ཆ་བཤད་ཡོང་ཡ་དེ་གས་གང་ག་མ་ཅིག་མི་ཨམ་ཅོག་ལ་མ།
STT_TT00204_00679.200-00680.150,ཉན་མ་སྤྲོ་བ་ཅིག་དཱ།  ,nyan ma spro ba cig dA/__,https://d38pmlk0v88drf.cloudfront.net/wav16k/STT_TT00204_00679.200-00680.150.wav,STT_TT,3,21,0.9499999999999318,wav16k/STT_TT00204_00679.200-00680.150.wav,ཉན་མ་འགྲོ་བ་རྲ་ཅིག་དང་།
STT_TT00204_00680.550-00681.800,མ་སྤྲོ་ངེ་གི་ད་མ་བཟོད་ངེ་གི ,ma spro nge gi da ma bzod nge gi_,https://d38pmlk0v88drf.cloudfront.net/wav16k/STT_TT00204_00680.550-00681.800.wav,STT_TT,3,28,1.25,wav16k/STT_TT00204_00680.550-00681.800.wav,མ་འགྲོ་ངེ་གི་ད་མ་བཟོད་ངེ་གི
STT_TT00204_00682.100-00683.600,དེ་འདྲ་གི་སྐད་ཆ་སྡུག་ཅག་དེ་འདྲ་བཤད་ཡོང་གི་འདུག་གེ ,de 'dra gi skad cha sdug cag de 'dra bshad yong gi 'dug ge_,https://d38pmlk0v88drf.cloudfront.net/wav16k/STT_TT00204_00682.100-00683.600.wav,STT_TT,3,50,1.5,wav16k/STT_TT00204_00682.100-00683.600.wav,དེ་འདྲ་གི་སྐད་ཆ་སྡུག་ཅག་དེ་འདྲའ་བཤད་ཡོང་གི་འདུག་གེ
STT_TT00204_00684.000-00687.100,ཡང་ན་ནི། ངས་རྣམ་འགྱུར་བསྟན་ཕྱོགས་འདྲ་ཞིག་གི ཕ་ཕྱོགས་ལ་ལ་རླུང་ལང་ཡ་ཟོལ་དེ་འདྲ།  ,yang na ni/_ngas rnam 'gyur bstan phyogs 'dra zhig gi_pha phyogs la la rlung lang ya zol de 'dra/__,https://d38pmlk0v88drf.cloudfront.net/wav16k/STT_TT00204_00684.000-00687.100.wav,STT_TT,3,79,3.1000000000000227,wav16k/STT_TT00204_00684.000-00687.100.wav,ཡང་ན་ངའི་རྣམ་འགྱུར་བསྟན་ཕྱོགས་དྲ་ཅིག་གི། ཕར་ཕྱོགས་ལ་རླུང་ལངས་བཞག་ཡ་ི་ཟོལ་འདྲ།
STT_TT00204_00687.500-00690.200,ཕ་ཕྱོགས་ལ་དོགས་པ་བླང་བཞག་ཡ་ཟོལ་འདྲ་དཱ། དེ་འདྲ་གི་ཐོག་ནས། ཅིག་ཡོང་གི་འདུག་གེ ,pha phyogs la dogs pa blang bzhag ya zol 'dra dA/_de 'dra gi thog nas/_cig yong gi 'dug ge_,https://d38pmlk0v88drf.cloudfront.net/wav16k/STT_TT00204_00687.500-00690.200.wav,STT_TT,3,76,2.700000000000045,wav16k/STT_TT00204_00687.500-00690.200.wav,ཕར་ཕྱོགས་ལ་དོགས་པ་བླངས་བཞག་ཡ་ཟོལ་ད། དེ་འདྲ་གི་ཐོག་ནས་ཅིག་ཡོང་གི་འདུག་གེ
STT_TT00204_00690.400-00693.000,ཡང་མེད་ན། ངས་བསམ་བློ་འདི། ཅིག་སྡུག་ཅག་ཞེ་བོ་དེ་འདྲ། གཏང་གི་འདུག་གེ ག་འདྲ་རེད།  ,yang med na/_ngas bsam blo 'di/_cig sdug cag zhe bo de 'dra/_gtang gi 'dug ge_ga 'dra red/__,https://d38pmlk0v88drf.cloudfront.net/wav16k/STT_TT00204_00690.400-00693.000.wav,STT_TT,3,79,2.6000000000000227,wav16k/STT_TT00204_00690.400-00693.000.wav,ཡང་མིན་ན། ངའི་བསམ་བློ་དེ་ཅིག་སྡུག་ཅག་ཞེ་བོ་ིག་གཏང་གི་འདུག་ག ག་འདྲི་འདུག
STT_TT00204_00631.950-00634.450,གཏུབ་ཆོག་གི་རེད་ཟེར་གོ་རེད། ད་དེ་རེད་ཧམ་འགལ་ཞེ་དྲག་བྱེད་རྒྱུ་ཡོད་མ་རེད།  ,gtub chog gi red zer go red/_da de red ham 'gal zhe drag byed rgyu yod ma red/__,https://d38pmlk0v88drf.cloudfront.net/wav16k/STT_TT00204_00631.950-00634.450.wav,STT_TT,3,73,2.5,wav16k/STT_TT00204_00631.950-00634.450.wav,ུབ་བྱེད་དགོས་རེད་ཟེར་གི་ཡོད་རེད། ད་འདི་རེད། ལྷམ་གལ་ཕྱུ་གེལ་བྱེད་རྒྱུ་ཡོད་མ་རེད།
STT_TT00204_00635.100-00636.550,ག་རེ་ཟེར་བ་སྐྱེ་བ་ཕྱི་མ་མྱང་གི་རེད་ད་ ,ga re zer ba skye ba phyi ma myang gi red da _,https://d38pmlk0v88drf.cloudfront.net/wav16k/STT_TT00204_00635.100-00636.550.wav,STT_TT,3,38,1.4499999999999318,wav16k/STT_TT00204_00635.100-00636.550.wav,ག་རེ་ཟེར་ན། སྐྱེ་བ་ཕྱི་མ་མྱང་གི་རེད་ད།
STT_TT00204_00636.900-00641.500,ཁོ་བསམ་བློ་གཏོང་ཡག་ནི་ཅིག་འགུལ་སྤྱོད་རྒྱག་ཡག་ནི་ཅིག་གི་དགེ་བ་བསག་ཡོང་གི་འདུག་བསམ་བློ་ཡག་ནི་ཅིག་གི་སྡུག་པ་བསག་ ,kho bsam blo gtong yag ni cig 'gul spyod rgyag yag ni cig gi dge ba bsag yong gi 'dug bsam blo yag ni cig gi sdug pa bsag _,https://d38pmlk0v88drf.cloudfront.net/wav16k/STT_TT00204_00636.900-00641.500.wav,STT_TT,3,110,4.600000000000023,wav16k/STT_TT00204_00636.900-00641.500.wav,ཁོ་བསམ་བློ་གཏོང་ཡག་ངེ་ཅིག འགུལ་སྐྱོད་རྒྱག་ཡག་ངེ་ཅིག་གི་དགེ་བ་བསགས་ཡོང་གི་འདུག བསམ་བློ་གཏང་ཡག་ངེ་ཞིག་སྡིག་པ་སགས་པ་།
STT_TT00204_00642.250-00643.000,དེ་སོང་ཙང་ ,de song tsang _,https://d38pmlk0v88drf.cloudfront.net/wav16k/STT_TT00204_00642.250-00643.000.wav,STT_TT,3,11,0.75,wav16k/STT_TT00204_00642.250-00643.000.wav,འདེ་སོང་ཙང་།
STT_TT00204_00643.250-00644.250,ཞུ་གི་རེད་ཟེར་བ་དེ་ཨོ་ད་དེ་རེད་ ,zhu gi red zer ba de o da de red _,https://d38pmlk0v88drf.cloudfront.net/wav16k/STT_TT00204_00643.250-00644.250.wav,STT_TT,3,32,1.0,wav16k/STT_TT00204_00643.250-00644.250.wav,ྱུད་དགོས་རེད་ཟེར་ཡ་ད། འོ་ད་དེ།
STT_TT00204_00644.700-00649.550,ད་ཤེས་བཞིན་ཟེར་བ་དེ་ག་རེ་ཟེར་དུས་དེ་བ། ཤེས་བཞིན་ཟེར་བ་དེ་ང་ཚོའི་ཉེན་རྟོག་པས་ཟོལ་ད་ཕོ་ལེ་སུ་ཟོལ་ ,da shes bzhin zer ba de ga re zer dus de ba/_shes bzhin zer ba de nga tsho'i nyen rtog pas zol da pho le su zol _,https://d38pmlk0v88drf.cloudfront.net/wav16k/STT_TT00204_00644.700-00649.550.wav,STT_TT,3,96,4.849999999999909,wav16k/STT_TT00204_00644.700-00649.550.wav,ད་ཤེས་བཞིན་ཟེར་ཡ་འདི།་ག་རེ་ཟེར་དུས་དེ་བ། ཤེས་བཞིན་ཟེར་ཡ་འདི། ང་ཚོ། ཉེན་རྟོག་པའི་ཟོལ་དི་རེད། ད་པུ་ལུ་སིུ་ཟོལ།
STT_TT00204_00650.100-00654.650,སྐྱོན་ག་འདྲ་བྱེད་ནས་མཐོང་གི་འདུག གནས་ཚུལ་ཅིག་ག་འདྲ་བྱས་ནས་ལྷག་ཡོང་གི་འདུག དེ་འདྲ་གི་ཅིག་ཕི་གེ་བརྟག་དཔྱད་བྱེད་ནི་ ,skyon ga 'dra byed nas mthong gi 'dug_gnas tshul cig ga 'dra byas nas lhag yong gi 'dug_de 'dra gi cig phi ge brtag dpyad byed ni _,https://d38pmlk0v88drf.cloudfront.net/wav16k/STT_TT00204_00650.100-00654.650.wav,STT_TT,3,113,4.5499999999999545,wav16k/STT_TT00204_00650.100-00654.650.wav,སྐྱོན་ག་འདྲ་བྱས་ནས་ཐོན་གི་འདུག གནས་ཚུལ་ྲ་ཞིག་ག་འདྲ་ྱས་ནས་ལྷག་ཡོང་གི་འདུག དེ་འདྲ་གི་ཅིག་ཕ་གེ་བརྟག་དཔྱད་བྱས།
STT_TT00204_00655.200-00656.250,ཨོ་ཚུར་དགའ་ནི ,o tshur dga' ni_,https://d38pmlk0v88drf.cloudfront.net/wav16k/STT_TT00204_00655.200-00656.250.wav,STT_TT,3,14,1.0499999999999543,wav16k/STT_TT00204_00655.200-00656.250.wav,འོ་ཚོད་དགའ་ངེ།
STT_TT00204_00740.100-00741.300,དེ་བརྟག་དཔྱད་བྱེད་ཡ་དེ་ལ་ཡ་ ,de brtag dpyad byed ya de la ya _,https://d38pmlk0v88drf.cloudfront.net/wav16k/STT_TT00204_00740.100-00741.300.wav,STT_TT,3,28,1.1999999999999318,wav16k/STT_TT00204_00740.100-00741.300.wav,འདི་བརྟག་དཔྱད་བྱེད་ཡ་འདེ་ལ་ཡ།
STT_TT00204_00702.250-00704.100,ད་ང་ཚོའི་དཔེ་ཆའི་ནང་མིང་གཏགས་བ་ཤེས་བཞིན་ཟེར་ ,da nga tsho'i dpe cha'i nang ming gtags ba shes bzhin zer _,https://d38pmlk0v88drf.cloudfront.net/wav16k/STT_TT00204_00702.250-00704.100.wav,STT_TT,3,45,1.8500000000000227,wav16k/STT_TT00204_00702.250-00704.100.wav,ད་ང་ཚོའ་དཔེ་ཆ་ནང་ནས་མིང་བཏགས་ནི། ཤེས་བཞིན་ཟེར་ཡ།
STT_TT00204_00734.650-00736.550,ཆོས་དང་མི་མཐུན་པ་དང་ཆོས་དང་འགལ་བ་ཅིག་ ,chos dang mi mthun pa dang chos dang 'gal ba cig _,https://d38pmlk0v88drf.cloudfront.net/wav16k/STT_TT00204_00734.650-00736.550.wav,STT_TT,3,38,1.8999999999999773,wav16k/STT_TT00204_00734.650-00736.550.wav,ཆོས་དང་མི་མཐུན་པ་དང་།ཆོས་དང་འགལ་བར་ཅིག
STT_TT00204_00736.750-00739.850,ངའི་ལུས་ངག་ཡིད་གསུམ་ག་འདྲ་ཅིག་གི་ཐོག་ནས་ལྷག་ཡོང་གི་འདུག་ ,nga'i lus ngag yid gsum ga 'dra cig gi thog nas lhag yong gi 'dug _,https://d38pmlk0v88drf.cloudfront.net/wav16k/STT_TT00204_00736.750-00739.850.wav,STT_TT,3,57,3.1000000000000227,wav16k/STT_TT00204_00736.750-00739.850.wav,ངའི་ལུས་ངག་ཡིད་གསུམ། ག་འདྲ་ཞིག་གི་ཐོག་ནས་ལྷག་ཡོང་གི་འདུག
STT_TT00204_00741.700-00742.650,ཤེས་བཞིན་སྲུང་ཨ་ཟེ་ ,shes bzhin srung a ze _,https://d38pmlk0v88drf.cloudfront.net/wav16k/STT_TT00204_00741.700-00742.650.wav,STT_TT,3,20,0.9499999999999318,wav16k/STT_TT00204_00741.700-00742.650.wav,ཤེས་བཞིན་བསྲུང་བ་ཟ།
STT_TT00204_00743.250-00748.050,མཉམ་ལེན་མཉམ་ལེན་བྱེད་དགོས་ཟེར་ནས་ང་ཚོས་ནམ་རྒྱུན་དུས་རྒྱུན་དུ་ཤུགས་པོ་ཞེ་བོ་ཅིག་བཤད་ཡོང་ཡ་དེ་གནས་ཚུལ་དག་ག་རང་དེ་ཐུག་བསྡད་ཀི་ཡོད་རེད་བ་ ,mnyam len mnyam len byed dgos zer nas nga tshos nam rgyun dus rgyun du shugs po zhe bo cig bshad yong ya de gnas tshul dag ga rang de thug bsdad ki yod red ba _,https://d38pmlk0v88drf.cloudfront.net/wav16k/STT_TT00204_00743.250-00748.050.wav,STT_TT,3,134,4.7999999999999545,wav16k/STT_TT00204_00743.250-00748.050.wav,ཉམས་ལེན་བྱེད་དགོས་རེད། ཉམས་ལེན་བྱེད་དགོས་རེད་ཟེར་ནས། ང་ཚོས་ནམ་རྒྱུན་དུས་རྒྱུན་དུ་ཤུགས་ཆེན་པོ་ཞེ་བོ་བཤད་ཡོང་ཡ་དེ། གནས་ཚུལ་ད་ག་རང་ཐུག་བསྡད་ཀི་ཡོད་རེད་བ།
STT_TT00204_00748.400-00751.000,གཙོ་བོ་གཙོ་བོ་ག་རེ་རེད་བྱེད་ཀི་ཟེར་ན། སོ་སོའི་ལུས་ངག་ཡིད་གསུམ་སྲུང་རྒྱུ་རེད་ ,gtso bo gtso bo ga re red byed ki zer na/_so so'i lus ngag yid gsum srung rgyu red _,https://d38pmlk0v88drf.cloudfront.net/wav16k/STT_TT00204_00748.400-00751.000.wav,STT_TT,3,77,2.6000000000000227,wav16k/STT_TT00204_00748.400-00751.000.wav,གཙོ་བོ་གཙོ་བོ་ག་རེ་བྱེད་རྒྱུ་རེད་ཟེར་ན། སོ་སོའི་ལུས་ངག་ཡིད་གསུམ་སྲུང་རྒྱུ་རེད།
STT_TT00204_00751.550-00753.800,མི་གཞན་དག་ཅིག་ལུས་ངག་ཡིད་གསུམ་དེ་ང་ཚོས་སྲུང་མི་དགོས་པ་བྱས་ ,mi gzhan dag cig lus ngag yid gsum de nga tshos srung mi dgos pa byas _,https://d38pmlk0v88drf.cloudfront.net/wav16k/STT_TT00204_00751.550-00753.800.wav,STT_TT,3,59,2.25,wav16k/STT_TT00204_00751.550-00753.800.wav,མི་གཞན་དག་ཅིག་གི་ལུས་ངག་ཡིད་གསུམ་དུ། ང་ཚོས་བསྲུང་མི་དགོས་པ་བྱས།
STT_TT00204_00754.050-00762.800,དཔེར་ན་མི་གཞན་དག་ཅིག་ལུས་ངག་ཡིད་གསུམ་དེ། མི་གཞན་དག་ཅིག་གི་དེ་བྱས་པ་ཡིན་ན། ད་ཕལ་ཆེར་གཞན་དག་ལ་མེད་མདོག་ཁག་པོ་རེད། ཨེ་ནས་དེ་རྐྱེན་བྱས་ནས་ཁོ་རང་སྐྱེ་བ་ཕྱི་མ་དམྱལ་བ་ད་དཔེ་ཡི་དྭགས་དེ་འདྲ་འགྲོ་མདོག་ཁ་བོ་རེད་བ།  ,dper na mi gzhan dag cig lus ngag yid gsum de/_mi gzhan dag cig gi de byas pa yin na/_da phal cher gzhan dag la med mdog khag po red/_e nas de rkyen byas nas kho rang skye ba phyi ma dmyal ba da dpe yi dwags de 'dra 'gro mdog kha bo red ba/__,https://d38pmlk0v88drf.cloudfront.net/wav16k/STT_TT00204_00754.050-00762.800.wav,STT_TT,3,204,8.75,wav16k/STT_TT00204_00754.050-00762.800.wav,དཔེར་ན། མི་གཞན་དག་ཅིག་གི་ལུས་ངག་ཡིད་གེ་གསུམ་འདེ། མི་གཞན་དག་ཅིག་གི་འདི་བྱས་པ་ཡིན་ན། ད་ཕལ་ཆེར་གཞན་དག་ལ་སྨོན་མདོག་ཁ་པོ་རེད། ཨེ་ནས། འདི་རྐྱེན་བྱས་བྱས། ཁོ་རང་སྐྱེ་བ་ཕྱི་མ་དམྱལ་བ་དང་། ཡི་དྭགས་ལ། དེ་འདྲ་འགྲོ་མདོག་ཁ་པོ་རེད་བ།
STT_TT00204_00763.100-00765.450,ཨེ་ནས་དེས་ང་ཞེ་དྲག་གནོད་ཡ་མི་འདུག་ཨ་ ,e nas des nga zhe drag gnod ya mi 'dug a _,https://d38pmlk0v88drf.cloudfront.net/wav16k/STT_TT00204_00763.100-00765.450.wav,STT_TT,3,37,2.3500000000000227,wav16k/STT_TT00204_00763.100-00765.450.wav,ཡིན་ནའ་འདི་ང་ཞེ་དྲག་གནོད་ཡ་མི་འདུག་ག
STT_TT00204_00765.750-00768.200,ད་ཡིན་ན་ངས་ང་རེ་ལུས་ངག་ཡིད་གསུམ་དེ་ཡག་པོ་ཅིག་སྲུང་ ,da yin na ngas nga re lus ngag yid gsum de yag po cig srung _,https://d38pmlk0v88drf.cloudfront.net/wav16k/STT_TT00204_00765.750-00768.200.wav,STT_TT,3,51,2.450000000000045,wav16k/STT_TT00204_00765.750-00768.200.wav,ད་ཡིན་ནའ་། ངས་ང་རང་ལུས་ངག་ཡིད་གསུམ་འདེ། ཡག་པོ་ཞིག་གསུངས།
STT_TT00204_00768.400-00769.900,བརྟག་དཔྱད་ཡག་པོ་ཅིག་བཏང་བྱས། ཅིག་མ་བྱུང་པ་ཡིན་ན།  ,brtag dpyad yag po cig btang byas/_cig ma byung pa yin na/__,https://d38pmlk0v88drf.cloudfront.net/wav16k/STT_TT00204_00768.400-00769.900.wav,STT_TT,3,50,1.5,wav16k/STT_TT00204_00768.400-00769.900.wav,བརྟག་དཔྱད་ཡག་པོ་ཞིག་བཏང་བྱས། ཅིག་མ་བྱུང་པ་ཡིན་ན།
STT_TT00204_00770.250-00774.250,ད་འདིའི་སྐྱེ་བ་ཕྱི་མ་ཉིང་བཅུད་ཟེར་ཡ་ཨི་ཅིག་ད་དངོས་ནས་རྟེན་གཙང་མ་ཁས་འདུག་རྒྱོ་འདྲ་ཅིག་ཆག་འདུག ,da 'di'i skye ba phyi ma nying bcud zer ya i cig da dngos nas rten gtsang ma khas 'dug rgyo 'dra cig chag 'dug_,https://d38pmlk0v88drf.cloudfront.net/wav16k/STT_TT00204_00770.250-00774.250.wav,STT_TT,3,93,4.0,wav16k/STT_TT00204_00770.250-00774.250.wav,ད་འདི་སྐྱེ་བ་ཕྱི་མ་ལ་ཉོ་ཆ་བཟེད་ཡ་གི་ཅིག ད་དངོས་གནས། རྟེན་གཙང་མ་ཁེལ་བསྡད་རྒྱོ་དྲ་ཆགས་བསྡད་ཀི
STT_TT00204_00774.800-00776.750,དེ་སོང་ཙང་ཤེས་བཞིན་ཟེར་བ་ཨོ་དེ་རེད་ད།  ,de song tsang shes bzhin zer ba o de red da/__,https://d38pmlk0v88drf.cloudfront.net/wav16k/STT_TT00204_00774.800-00776.750.wav,STT_TT,3,39,1.9500000000000453,wav16k/STT_TT00204_00774.800-00776.750.wav,དེ་སོང་ཙང་། ཤེས་བཞིན་ཟེར་ཡ་འདི། འོ་འདི་རེད་ད།
STT_TT00204_00777.500-00780.550,ཤེས་བཞིན་ཟེར་དུ།་ང་ཚོའི་བོད་པའི་སྐད་ཆ་རྙིང་པ་ཅིག་བཤད་ཡོང་དུས། བྱ་ར་ཟེར་བ་རེད།  ,shes bzhin zer du/ nga tsho'i bod pa'i skad cha rnying pa cig bshad yong dus/_bya ra zer ba red/__,https://d38pmlk0v88drf.cloudfront.net/wav16k/STT_TT00204_00777.500-00780.550.wav,STT_TT,3,79,3.0499999999999545,wav16k/STT_TT00204_00777.500-00780.550.wav,ཤེས་ཞིང་ཟེར་དུས། ང་ཚོས་ བོད་པའི་སྐད་ཆ་རྙིང་པ་ཞིག་བཤད་པ་ཡིན་ན། བྱ་ར་ཟེར་ཡ་།
STT_TT00204_00781.150-00782.250,བྱ་ར་བྱེད་པ་དང་སོ་པ་བྱས།  ,bya ra byed pa dang so pa byas/__,https://d38pmlk0v88drf.cloudfront.net/wav16k/STT_TT00204_00781.150-00782.250.wav,STT_TT,3,26,1.1000000000000227,wav16k/STT_TT00204_00781.150-00782.250.wav,ག་རེ་བྱས་པ་དང་། སོ་པ་བྱ།
STT_TT00204_00782.750-00783.400,བརྟག་དཔྱད་བྱས་ནས།  ,brtag dpyad byas nas/__,https://d38pmlk0v88drf.cloudfront.net/wav16k/STT_TT00204_00782.750-00783.400.wav,STT_TT,3,19,0.6499999999999773,wav16k/STT_TT00204_00782.750-00783.400.wav,བརྟག་དཔྱད་བྱེད་ངེ།
STT_TT00204_00783.650-00785.450,དེ་ཡང་ཕྱི་ལོག་ལ་ཕར་བརྟག་དཔྱད་བྱེད་ནི་དེ་མ་རེད་ད།  ,de yang phyi log la phar brtag dpyad byed ni de ma red da/__,https://d38pmlk0v88drf.cloudfront.net/wav16k/STT_TT00204_00783.650-00785.450.wav,STT_TT,3,50,1.8000000000000682,wav16k/STT_TT00204_00783.650-00785.450.wav,དེ་ཡང་ཕྱི་ལོགས་ལ་ཕར་བརྟག་དཔྱད་བྱེད་ངེ་འདི་མ་རེད་དཱ།
STT_TT00204_00785.800-00789.700,པ་བ་དེ་འདི་འདྲ་འདི་འདྲ་བྱས་ཀི་འདུག་ཨ་ཅག་ཕ་གེ་འདི་འདྲ་འདི་འདྲ་བྱས་ཀི་འདུག་དེ་བརྟག་དཔྱད་བྱེད་ནས་ཁྱོན་གཏན་ནས་ཡོད་མ་རེད་ ,pa ba de 'di 'dra 'di 'dra byas ki 'dug a cag pha ge 'di 'dra 'di 'dra byas ki 'dug de brtag dpyad byed nas khyon gtan nas yod ma red _,https://d38pmlk0v88drf.cloudfront.net/wav16k/STT_TT00204_00785.800-00789.700.wav,STT_TT,3,117,3.900000000000091,wav16k/STT_TT00204_00785.800-00789.700.wav,པ་ལགས་ཕ་གི་དེ་འདྲ་དེ་འདྲ་བྱེད་ཀི་འདུག ཨ་ཅག་ལག་ཕ་གི་དེ་འདྲ་དེ་འདྲ་བྱེད་ཀ། འདི་བརྟག་དཔྱད་བྱས་ན་ ཆོ་ཁྱོན་ནས་ཡོད་མ་རེད།
STT_TT00204_00789.950-00792.300,དེ་ང་ཚོའི་ནང་པའི་ཆོས་ཁོ་རང་རྩ་བ་ཉིད་ནས་འགྲོ་གི་མ་རེད་ ,de nga tsho'i nang pa'i chos kho rang rtsa ba nyid nas 'gro gi ma red _,https://d38pmlk0v88drf.cloudfront.net/wav16k/STT_TT00204_00789.950-00792.300.wav,STT_TT,3,54,2.349999999999909,wav16k/STT_TT00204_00789.950-00792.300.wav,འདི་ང་ཚོ་ནང་པའི་ཆོས་ཁོ་རང་རྩ་བ་ཉིད་ནས་འགྲོ་གི་མ་རེད།
STT_TT00204_00837.650-00838.200,ཡིད་བྱས་ ,yid byas _,https://d38pmlk0v88drf.cloudfront.net/wav16k/STT_TT00204_00837.650-00838.200.wav,STT_TT,3,9,0.5500000000000682,wav16k/STT_TT00204_00837.650-00838.200.wav,ཡིད་བྱས།
STT_TT00204_00838.750-00839.250,ཁོ་ཚོ་གསུམ་པོ་དེ་རེད་ ,kho tsho gsum po de red _,https://d38pmlk0v88drf.cloudfront.net/wav16k/STT_TT00204_00838.750-00839.250.wav,STT_TT,3,22,0.5,wav16k/STT_TT00204_00838.750-00839.250.wav,ས་ཆ་གསུམ་པོའདིརེད།
STT_TT00204_00792.750-00793.500,སོ་སོ་ཚུར་བརྟག་དཔྱད་ ,so so tshur brtag dpyad _,https://d38pmlk0v88drf.cloudfront.net/wav16k/STT_TT00204_00792.750-00793.500.wav,STT_TT,3,21,0.75,wav16k/STT_TT00204_00792.750-00793.500.wav,སོ་སོ་ཚུར་བརྟག་དཔྱད།
STT_TT00204_00794.100-00798.750,ངའི་བསམ་བློ་ཐོག་ནས་འགྲིག་གི་འདུག་འགྲིག་མི་འདུག དཔེར་ན་ང་ཚོ་འདི་བསྡད་བཞག་པས་ཁ་ཐུག་དེ་བ་ང་ཚོས་བསམ་བློ་གཏོང་ན་འགྲིག་གི་རེད་བ།  ,nga'i bsam blo thog nas 'grig gi 'dug 'grig mi 'dug_dper na nga tsho 'di bsdad bzhag pas kha thug de ba nga tshos bsam blo gtong na 'grig gi red ba/__,https://d38pmlk0v88drf.cloudfront.net/wav16k/STT_TT00204_00794.100-00798.750.wav,STT_TT,3,124,4.649999999999977,wav16k/STT_TT00204_00794.100-00798.750.wav,ངས་བསམ་བློའི་ཐོག་ནའ་འགྲིག་གི་འདུག འགྲིག་གི་མི་འདུག དཔེར་ན། ང་ཚོ་ད་ལྟ་དེ་བསྡད་བཞག་པའི་ཁ་ཐུག་དེ་ལ། ང་ཚོས་བསམ་བློ་གཏོང་དང་འགྲིག་གི་རེད་པ།
STT_TT00204_00799.250-00802.300,ཨོ་ང་ད་ལྟ་འདི་སྟག་ལུང་ཁྲོད་ལ་ཡ། སྤྱོད་འཇུག་གི་ཁྲིད་ཞུ་ས་ལ་ཡ།  ,o nga da lta 'di stag lung khrod la ya/_spyod 'jug gi khrid zhu sa la ya/__,https://d38pmlk0v88drf.cloudfront.net/wav16k/STT_TT00204_00799.250-00802.300.wav,STT_TT,3,62,3.0499999999999545,wav16k/STT_TT00204_00799.250-00802.300.wav,འོ་ ང་ད་ལྟ་དེ། སྟག་ལུང་ཁྲུ་ལ་ཡ། སྤྱོད་འཇུག་གི་ཁྲིད་ཞུ་ས་ལ་ཡ།
STT_TT00204_00803.250-00806.700,ད་ངས་སྡོད་སྟངས་རེད་ངས་བསམ་བློ་བཏང་སྟངས་རེད་ངས་བྱེད་སྟངས་རེད་དེ་འདྲ་གི་ཐོག་ནས་ ,da ngas sdod stangs red ngas bsam blo btang stangs red ngas byed stangs red de 'dra gi thog nas _,https://d38pmlk0v88drf.cloudfront.net/wav16k/STT_TT00204_00803.250-00806.700.wav,STT_TT,3,78,3.450000000000045,wav16k/STT_TT00204_00803.250-00806.700.wav,ད་ངའི་སྡོད་སྟངས་རེད། ངའི་བསམ་བློ་གཏོང་སྟངས་རེད། ངའི་བྱེད་སྟངས་རེད། དེ་འདྲ་གི་ཐོག་ནས།
STT_TT00204_00807.100-00809.650,ཆོས་དང་མཐུན་པར་ཅིག་ཆག་གི་འདུག ཆོས་དང་མི་མཐུན་པ་ཟིག་ཆག་གི་འདུག་ ,chos dang mthun par cig chag gi 'dug_chos dang mi mthun pa zig chag gi 'dug _,https://d38pmlk0v88drf.cloudfront.net/wav16k/STT_TT00204_00807.100-00809.650.wav,STT_TT,3,63,2.5499999999999545,wav16k/STT_TT00204_00807.100-00809.650.wav,ཆོས་དང་མཐུན་པ་འདྲ་ཞིག་ཆགས་ཀི་འདུག ཆོས་དང་མི་མཐུན་པ་འདྲ་ཞིག་ཆགས་ཀི་འདུག་ག
STT_TT00204_00809.850-00814.700,དཔེར་ན་ངས་འདི་གཟུགས་པོ་དེ་ཙོག་ཙོག་འདྲ་ཟིག་བསྡད་བཞག་ཡོད་རེད་དེ་ཡང་བསམ་བློ་དེ་ཆོས་དང་མ་མཐུན་པ་མ་འདྲ་བ་ཞིག་བཏང་བྱས།  ,dper na ngas 'di gzugs po de tsog tsog 'dra zig bsdad bzhag yod red de yang bsam blo de chos dang ma mthun pa ma 'dra ba zhig btang byas/__,https://d38pmlk0v88drf.cloudfront.net/wav16k/STT_TT00204_00809.850-00814.700.wav,STT_TT,3,114,4.850000000000023,wav16k/STT_TT00204_00809.850-00814.700.wav,དཔེར་ན། ངས་དེ། གཟུགས་པོ་དེ།་ཙོག་ཙོག་བྱས་བསྡད་བཞག་ཡོད་རེད་དེ། ཡང་བསམ་བློ་དེ།་ཆོས་དང་མི་མཐུན་པའི་མ་འདྲ་བ་ར་ྲ་ཞིག་བཏང་བྱས།
STT_TT00204_00815.150-00820.950,དེ་འདྲ་ཅིག་ཐོག་ནས་སྡུག་པ་འདྲ་ཞེ་བོ་ཅིག་བསག་བསྡད་ཡ་གི་དེ་འདྲ་གི་གནས་ཚུལ་སྒང་ང་སླེབས་འདུག སླེབས་མི་འདུག ད་ད་དུང་འདི་ནས་མར་གྲོལ་ཚར་སོང་ན་ཡང་ངས།  ,de 'dra cig thog nas sdug pa 'dra zhe bo cig bsag bsdad ya gi de 'dra gi gnas tshul sgang nga slebs 'dug_slebs mi 'dug_da da dung 'di nas mar grol tshar song na yang ngas/__,https://d38pmlk0v88drf.cloudfront.net/wav16k/STT_TT00204_00815.150-00820.950.wav,STT_TT,3,142,5.800000000000068,wav16k/STT_TT00204_00815.150-00820.950.wav,དེ་འདྲ་ཅིག་གི་ཐོག་ནས་ཡང་སྡིག་པ་ཞེ་བོ་བསགས་སྡོད་ཡ་གི དེ་འདྲ་གི་གནས་ཚུལ་ཅིག་སྒང་ལ་སླེབས་འདུག་ག སླེབས་མི་འདུག ད་ད་དུང་དེ་ནས་མར་གྲོལ་ཚར་སོང་ན། ཡང་ངས།
STT_TT00204_00821.150-00824.050,སྤྱི་སྤྱོད་རླང་འཁོར་ཟེར་གི་རེད་བ། དེ་འདྲ་གི་ནང་ལ་སྐད་ཆ་འདྲ་མི་འདྲ་བཤད་བྱས།  ,spyi spyod rlang 'khor zer gi red ba/_de 'dra gi nang la skad cha 'dra mi 'dra bshad byas/__,https://d38pmlk0v88drf.cloudfront.net/wav16k/STT_TT00204_00821.150-00824.050.wav,STT_TT,3,76,2.8999999999999773,wav16k/STT_TT00204_00821.150-00824.050.wav,སྤྱི་སྤྱོད་རླང་འཁོར་ཟེར་གི་རེད་བ། དེ་འདྲ་གི་ནང་ལ་ཡ།་སྐད་ཆ་འདྲ་མི་འདྲ་ད་འདྲ་བཤད་བྱས།
STT_TT00204_00824.400-00826.550,ངའི་སེམས་དཀྲིགས་བཞག་པ་བཟོ་འདྲ། སེམས་ལ་ཕོག་བསྡད་ཡ་ཟོལ་ ,nga'i sems dkrigs bzhag pa bzo 'dra/_sems la phog bsdad ya zol _,https://d38pmlk0v88drf.cloudfront.net/wav16k/STT_TT00204_00824.400-00826.550.wav,STT_TT,3,54,2.1499999999999773,wav16k/STT_TT00204_00824.400-00826.550.wav,མིའི་སེམས་དཀྲུག་བཞག་ཡ་ཟོལ་དང་། སེམས་ལ་ཕོག་སྡོད་ཡ་ཟོལ།
STT_TT00204_00827.050-00829.600,མི་ཅིག་ཐོག་ནས་སྡུག་པ་བསག་ཡ་གི་ཆ་རྐྱེན་ལ་འགྲོ་གི་འདུག་འགྲོ་གི་མི་འདུག་ ,mi cig thog nas sdug pa bsag ya gi cha rkyen la 'gro gi 'dug 'gro gi mi 'dug _,https://d38pmlk0v88drf.cloudfront.net/wav16k/STT_TT00204_00827.050-00829.600.wav,STT_TT,3,70,2.550000000000068,wav16k/STT_TT00204_00827.050-00829.600.wav,དེ་འདྲ་ཅིག་གི་ཐོག་ནས། སྡིག་པ་བསགས་ཡ་གི་གཞི་རྐྱིན་ལ་འགྲོ་གི་འདུག འགྲོ་གི་མི་འདུག
STT_TT00204_00829.850-00830.500,ད་དེས་སྲུང་ཡ་དེ་རེད་ ,da des srung ya de red _,https://d38pmlk0v88drf.cloudfront.net/wav16k/STT_TT00204_00829.850-00830.500.wav,STT_TT,3,21,0.6499999999999773,wav16k/STT_TT00204_00829.850-00830.500.wav,ད་འདི་སྲུང་ཡ་འདི་རེད།
STT_TT00204_00831.100-00835.300,ད་དེ་སྤྱོད་འཇུག་མཁན་པོས་གསུངས་ཡོང་དུས་དེ་བ། སྲུང་ཡ་དེ་ལ་ག་ཚོད་ཡོད་རེད་ཟེར་དུས་དེ་བ། སྲུང་ཡ་དེ་ལ་གསུམ་ཡོད་རེད་གསུང་པ་རེད་ད།  ,da de spyod 'jug mkhan pos gsungs yong dus de ba/_srung ya de la ga tshod yod red zer dus de ba/_srung ya de la gsum yod red gsung pa red da/__,https://d38pmlk0v88drf.cloudfront.net/wav16k/STT_TT00204_00831.100-00835.300.wav,STT_TT,3,124,4.199999999999932,wav16k/STT_TT00204_00831.100-00835.300.wav,ད་དེ་སྤྱོད་འཇུག་མཁན་པོས་གསུང་ཡོང་དུས་དེ་བ། སྲུང་ཡ་དེ་ལ་ག་ཚོད་ཡོད་རེད་ཟེར་དུས་དེ་བ། སྲུང་ཡ་དེ་ལ་གསུམ་ཡོད་རེད་གསུངས་པ་རེད་དཱ།
STT_TT00204_00835.850-00836.350,ལུས་བྱས་ ,lus byas _,https://d38pmlk0v88drf.cloudfront.net/wav16k/STT_TT00204_00835.850-00836.350.wav,STT_TT,3,9,0.5,wav16k/STT_TT00204_00835.850-00836.350.wav,ལུས་
STT_TT00204_00839.600-00840.550,དེ་ཡང་སོ་སོའི་རེད་ ,de yang so so'i red _,https://d38pmlk0v88drf.cloudfront.net/wav16k/STT_TT00204_00839.600-00840.550.wav,STT_TT,3,19,0.9499999999999318,wav16k/STT_TT00204_00839.600-00840.550.wav,དེ་ཡང་སོ་སོ་རེད་དཱ།
STT_TT00204_00840.900-00842.150,སོ་སོའི་ལུས་ངག་ཡིད་གསུམ་པོ་དེ་སྲུང་རྒྱུ་རེད།  ,so so'i lus ngag yid gsum po de srung rgyu red/__,https://d38pmlk0v88drf.cloudfront.net/wav16k/STT_TT00204_00840.900-00842.150.wav,STT_TT,3,46,1.25,wav16k/STT_TT00204_00840.900-00842.150.wav,སོ་སོའི་ལུས་ངག་ཡིད་གསུམ་པོ་དེ་སྲུང་རྒྱུ་རེད།
STT_TT00204_00842.450-00844.550,ད་སྲུང་ཡ་དེ་ལ་ག་ཚོད་ཡོད་ཟེར་དུས། དེ་གེ་གསུམ་ཡོད་རེད་བྱས།  ,da srung ya de la ga tshod yod zer dus/_de ge gsum yod red byas/__,https://d38pmlk0v88drf.cloudfront.net/wav16k/STT_TT00204_00842.450-00844.550.wav,STT_TT,3,58,2.099999999999909,wav16k/STT_TT00204_00842.450-00844.550.wav,ད་སྲུང་ཡ་འདེ་ལ།་ག་ཚོད་ཡོད་ད་ཟེར་དུས། འདི་གས་གསུམ་ཡོད་རེད་བྱས།
STT_TT00204_00844.950-00846.400,ཨེ་ནས་སྔོན་ལ་ལུས་དེ་ཅིག་སྲུང་དགོས་རེད།  ,e nas sngon la lus de cig srung dgos red/__,https://d38pmlk0v88drf.cloudfront.net/wav16k/STT_TT00204_00844.950-00846.400.wav,STT_TT,3,40,1.4499999999999318,wav16k/STT_TT00204_00844.950-00846.400.wav,ཨ་ལས་སྔོན་་ལུས་འདི་ཅིག་སྲུང་དགོས་རེད།
STT_TT00204_00846.850-00848.850,ལུས་ཀི་ཐོག་ནས་སྡུག་པ་འདྲ་མི་འདྲ་མང་བོ་ཅིག་བསག་ཡོང་གི་འདུག་བ།  ,lus ki thog nas sdug pa 'dra mi 'dra mang bo cig bsag yong gi 'dug ba/__,https://d38pmlk0v88drf.cloudfront.net/wav16k/STT_TT00204_00846.850-00848.850.wav,STT_TT,3,62,2.0,wav16k/STT_TT00204_00846.850-00848.850.wav,ལུས་ཀི་ཐོག་ནས་སྡིག་པ་འདྲ་མ་འདྲ་མང་པོ་ཞེ་བོ་བསགས་ཡོང་གི་འདུག་ག
STT_TT00204_00849.350-00852.350,ང་ཚོས་སྲུང་དགོས་ཡ་ག་རེ་ཆེད་དུ་རེད་ཟེར་ལབ་དུས་དེ་བ། ང་ལ་གྱོང་མ་རག་ཡ།  ,nga tshos srung dgos ya ga re ched du red zer lab dus de ba/_nga la gyong ma rag ya/__,https://d38pmlk0v88drf.cloudfront.net/wav16k/STT_TT00204_00849.350-00852.350.wav,STT_TT,3,69,3.0,wav16k/STT_TT00204_00849.350-00852.350.wav,ང་ཚོ་སྲུང་དགོས་ཡ་འདི། ག་རེི་ཆེད་དུ་རེད་ཟེ་ལབ་དུས་དེ་བ། ང་གྱོང་མ་རད་བ།
STT_TT00204_00852.800-00857.200,ག་རེ་ཟེར་ན་ངས་ལུས་དེ་མ་སྲུང་བ་བྱས། ལུས་དེ་དེ་དག་ག་ཅིག སྣང་བ་སྐྱིད་པོ་ཅིག་བག་མེད་ཅིག་ ,ga re zer na ngas lus de ma srung ba byas/_lus de de dag ga cig_snang ba skyid po cig bag med cig _,https://d38pmlk0v88drf.cloudfront.net/wav16k/STT_TT00204_00852.800-00857.200.wav,STT_TT,3,85,4.400000000000091,wav16k/STT_TT00204_00852.800-00857.200.wav,ག་རེ་ཟེར་ན། ངའི་ལུས་འདི་མ་སྲུངས་པ་བྱས་བྱས། ལུས་འདི་ད་ག་ས་ཅིག སྣང་བ་སྐྱིད་པོ་ཞིག་དཱ་བག་མེད་ཅིག
STT_TT00204_00857.500-00860.000,ཟབ་ཟབ་རྩ་བ་ཉིད་ནས་མ་བྱས་བ་བྱས། འདི་ཟིག་ལྷོད་བཞག་པ་ཡིན་ན།  ,zab zab rtsa ba nyid nas ma byas ba byas/_'di zig lhod bzhag pa yin na/__,https://d38pmlk0v88drf.cloudfront.net/wav16k/STT_TT00204_00857.500-00860.000.wav,STT_TT,3,58,2.5,wav16k/STT_TT00204_00857.500-00860.000.wav,གདོགས་ཟོན་རྩ་བ་ཉིད་ནས་མ་བྱས་པ་བྱས། འདུག་སེ་ཅིག་གྷོད་བཞག་པ་ཡིན་ན།
STT_TT00204_00860.300-00862.300,ཁོ་ལུས་དེའི་ཐོག་ནས་སྡུག་པ་མང་པོ་ཞེ་བོ་ཅིག་བསག་ཡོང་གི ,kho lus de'i thog nas sdug pa mang po zhe bo cig bsag yong gi_,https://d38pmlk0v88drf.cloudfront.net/wav16k/STT_TT00204_00860.300-00862.300.wav,STT_TT,3,53,2.0,wav16k/STT_TT00204_00860.300-00862.300.wav,ཁོ་ལུས་འདིའི་ཐོག་ནས། སྡིག་པ་མང་པོ་ཞེ་བོ་ཞིག་བསགས་ཡོང་ག
STT_TT00204_00862.650-00865.450,ལུས་དེའི་སྟེང་ནས་སྡུག་པ་ཅིག་བསག་ཡོང་དེ་བ། ལ་ང་གྱོང་རག་གི་དེ་རེད་བ།  ,lus de'i steng nas sdug pa cig bsag yong de ba/_la nga gyong rag gi de red ba/__,https://d38pmlk0v88drf.cloudfront.net/wav16k/STT_TT00204_00862.650-00865.450.wav,STT_TT,3,68,2.800000000000068,wav16k/STT_TT00204_00862.650-00865.450.wav,ལུས་འདི་ཐོག་ནས།་སྡིག་པ་ཞིག་བསགས་ཡོང་དུས་དེ་བ། ང་གྱོང་རག་གི་ཟེར་ཡ་འདི་རེད་བ།
STT_TT00204_00865.850-00872.400,ལུས་དེ་ཡག་པོ་མ་སྲུང་། ངག་དེ་ཡག་པོ་ཅིག་མ་སྲུང་པ་ཡིན་ན། མ་འོངས་པ་ན་ང་དམྱལ་བ་རེད། ཡི་དྭགས་རེད།་དུད་འགྲོ་རེད། དེ་འདྲ་ལ་སྐྱེ་ས་རེད།  ,lus de yag po ma srung /_ngag de yag po cig ma srung pa yin na/_ma 'ongs pa na nga dmyal ba red/_yi dwags red/ dud 'gro red/_de 'dra la skye sa red/__,https://d38pmlk0v88drf.cloudfront.net/wav16k/STT_TT00204_00865.850-00872.400.wav,STT_TT,3,128,6.5499999999999545,wav16k/STT_TT00204_00865.850-00872.400.wav,ལུས་དི་ཡག་པོ་ཞིག་སྲུང་། ངག་དི་ཡག་པོ་ཞིག་མ་སྲུངས་པ་ཡིན་ན། མ་འོངས་པ་ན་ང་དམྱལ་བ་རེད། ཡི་དྭགས་རེད། དུད་འགྲོ་རེད། དེ་འདྲ་ལ་སྐྱེས་ས་རེད་ཟ།
STT_TT00204_00873.000-00874.450,ང་གྱོང་ཆེན་པོ་ཅིག་རག་ས་རེད་ཟེ ,nga gyong chen po cig rag sa red ze_,https://d38pmlk0v88drf.cloudfront.net/wav16k/STT_TT00204_00873.000-00874.450.wav,STT_TT,3,30,1.4500000000000457,wav16k/STT_TT00204_00873.000-00874.450.wav,ང་གྱོང་ཆེན་པོ་ཞིག་རག་ས་རེད་ཟེ།
STT_TT00204_00874.600-00875.350,གནས་ཚུལ་དེ་རེད་བ།  ,gnas tshul de red ba/__,https://d38pmlk0v88drf.cloudfront.net/wav16k/STT_TT00204_00874.600-00875.350.wav,STT_TT,3,19,0.75,wav16k/STT_TT00204_00874.600-00875.350.wav,གནས་ཚུལ་འདི་རེད་བ།
STT_TT00204_00875.650-00880.550,ལུས་ངག་གཉིས་སྲུང་དགོས་ཀི་ཡོད་རེད་གསུངས་པ་རེད། རེད་དེ་གཙོ་བོ་གཙོ་བོ་དེ་ག་རེ་སྲུང་དགོས་རེད་ཟེར་དུས་དེ་བ། སེམས་དེ་སྲུང་དགོས་རེད་གསུངས་པ་རེད་ད།  ,lus ngag gnyis srung dgos ki yod red gsungs pa red/_red de gtso bo gtso bo de ga re srung dgos red zer dus de ba/_sems de srung dgos red gsungs pa red da/__,https://d38pmlk0v88drf.cloudfront.net/wav16k/STT_TT00204_00875.650-00880.550.wav,STT_TT,3,141,4.899999999999977,wav16k/STT_TT00204_00875.650-00880.550.wav,ལུས་ངག་གཉིས་སྲུང་དགོས་ཀི་ཡོད་རེད་གསུངས་པ་རེད། རེད་དེ། གཙོ་བོ་གཙོ་བོ་འདི་ག་རེ་སྲུང་དགོས་རེད་ཟེར་དུས་འདེ་བ། སེམས་སྲུང་དགོས་རེད་གསུངས་པ་རེད་ད།
STT_TT00204_00880.950-00882.350,ལུས་ངག་གཉིས་པོ་དེ་ཐད་གར་རེད།  ,lus ngag gnyis po de thad gar red/__,https://d38pmlk0v88drf.cloudfront.net/wav16k/STT_TT00204_00880.950-00882.350.wav,STT_TT,3,30,1.3999999999999773,wav16k/STT_TT00204_00880.950-00882.350.wav,ལུས་ངག་གཉིས་པོ་འདི་ཕལ་ཁ་རེད།
STT_TT00204_00882.800-00886.500,ལུས་ངག་གཉིས་དེ་ནང་ལ་ཡ་སྐུལ་མ་བཏང་ནི་ཅིག་ཡོང་རེད། ལུས་ངག་གཉིས་དེ་ཁོ་རང་གཉིས་རང་འགུལ་གིས་བྱས་རྒྱོ་མ་རེད།  ,lus ngag gnyis de nang la ya skul ma btang ni cig yong red/_lus ngag gnyis de kho rang gnyis rang 'gul gis byas rgyo ma red/__,https://d38pmlk0v88drf.cloudfront.net/wav16k/STT_TT00204_00882.800-00886.500.wav,STT_TT,3,104,3.7000000000000455,wav16k/STT_TT00204_00882.800-00886.500.wav,ལུས་ངག་གཉིས་དེ་ནང་ལ། སྐུལ་མ་བཏང་ངེ་ཞིག་ཡོད་རེད། ལུས་ངག་གཉིས་དེཡ། ཁོ་རང་གཉིས་ཀི་རང་འགུལ་གིས་ཕྱིན་རྒྱོ་མ་རེད།
STT_TT00204_00886.950-00890.450,དཔེར་ན་ང་ཚོས་མི་ལ་ཡ་ཁ་སྣ་ཟིག་ཕོ་ཏོ་མོ་ཏོ་ཟེར་ལབ་ཤོར་ཡ་དེ་ ,dper na nga tshos mi la ya kha sna zig pho to mo to zer lab shor ya de _,https://d38pmlk0v88drf.cloudfront.net/wav16k/STT_TT00204_00886.950-00890.450.wav,STT_TT,3,58,3.5,wav16k/STT_TT00204_00886.950-00890.450.wav,དཔེར་ན། ང་ཚོ་མི་ལ་ཡ། ཀ་ྨད་ཟེབྱས། སྤོ་ཏོ་རྨོ་ཏོ་ཟེ་ལབ་བཞག་ཡ་འདི།
STT_TT00204_00890.650-00892.950,ད་ཁོ་རང་རང་བཞིན་གི་ཐོག་ནས་ཐོན་བསྡད་རྒྱོ་དེ་འདྲ་མ་རེད།  ,da kho rang rang bzhin gi thog nas thon bsdad rgyo de 'dra ma red/__,https://d38pmlk0v88drf.cloudfront.net/wav16k/STT_TT00204_00890.650-00892.950.wav,STT_TT,3,55,2.300000000000068,wav16k/STT_TT00204_00890.650-00892.950.wav,ད་ཁོ་རང། རང་བཞིན་གི་ཐོག་ནས་དོན་བསྡད་རྒྱོ་དེ་འདྲ་མ་རེད།
STT_TT00204_00893.450-00899.400,ད་ཁོ་རང་རང་བཞིན་གི་ཐོག་ནས་ཐོན་བསྡད་རྒྱོ་དེ་འདྲ་ཡིན་པ་ཡིན་ན། ང་ཚོས་ག་དུས་ཡིན་ན་ཕོ་ཏོ་མོ་ཏོ་མ་གཏོགས། པ་ལགས་ཨ་མ་ལགས་བྱས་ནས། ཚིག་སྙན་མོ་དེ་འདྲ་རྩ་བ་ཉིད་ནས་ཐོས་གི་མ་རེད།  ,da kho rang rang bzhin gi thog nas thon bsdad rgyo de 'dra yin pa yin na/_nga tshos ga dus yin na pho to mo to ma gtogs/_pa lags a ma lags byas nas/_tshig snyan mo de 'dra rtsa ba nyid nas thos gi ma red/__,https://d38pmlk0v88drf.cloudfront.net/wav16k/STT_TT00204_00893.450-00899.400.wav,STT_TT,3,166,5.949999999999932,wav16k/STT_TT00204_00893.450-00899.400.wav,ད་ཁོ་རང་རང་བཞིན་གི་ཐོག་ནས་དོན་བསྡད་རྒྱོ་དེ་འདྲ་ཡིན་པ་ཡིན་ན། ང་ཚོ་ག་དུས་ཡིན་ན་ལས། སྤོ་ཏོ་རྨོ་ཏོ་མ་གཏོགས། པ་ལགས་ཨ་མ་ལགས་བྱས་ནས། ཚིག་སྙན་པོ་དེ་འདྲ་རྩ་བ་ཉིད་ནས་འདོན་གི་མ་རེད།
STT_TT00204_00899.700-00903.300,ད་དེ་ག་རེ་ཟེར་དུས་དེ་བ། ལ་སེམས་ཀི་ནང་ལ་ཡ་ཅིག་མ་སྐྱིད་པ་ཅིག་སླེབས། སེམས་ཀི་ནང་ལ་ཉོན་མོངས་ཅིག་སླེབས།  ,da de ga re zer dus de ba/_la sems ki nang la ya cig ma skyid pa cig slebs/_sems ki nang la nyon mongs cig slebs/__,https://d38pmlk0v88drf.cloudfront.net/wav16k/STT_TT00204_00899.700-00903.300.wav,STT_TT,3,100,3.599999999999909,wav16k/STT_TT00204_00899.700-00903.300.wav,ད་དེ་ག་རེ་ཟེར་དུས་དེ་བ། སེམས་ཀི་ནང་ལ་ཡ་ཅིག་མ་སྐྱིད་པ་ཞིག་སླེབས། སེམས་ཀི་ནང་ལ་ཉོན་མོངས་ཅིག་སླེབས།
STT_TT00204_00347.000-00351.900,གཞས་དེ་འདྲ་བཏང་དེ་འདྲ་བྱེད་བསྡད་པའི་ཁ་ཐུག་ལ་ཡ། མས་གེ་འོག་ཏུ་ནས། སྨྱོན་པ་སྨྱོན་མ་ཟོལ་འདྲ་ཁྱུ་ཞིག་ཐོན་ཡོང་གི་རེད་པ།  ,gzhas de 'dra btang de 'dra byed bsdad pa'i kha thug la ya/_mas ge 'og tu nas/_smyon pa smyon ma zol 'dra khyu zhig thon yong gi red pa/__,https://d38pmlk0v88drf.cloudfront.net/wav16k/STT_TT00204_00347.000-00351.900.wav,STT_TT,3,115,4.899999999999977,wav16k/STT_TT00204_00347.000-00351.900.wav,གཞས་དེ་འདྲ་བཏང་། དེ་འདྲའ་བྱེད་བསྡད་པའི་ཁ་ཐུག་ལ་ཡ། མ་གི་འོག་དེ་ནྲ། སྨྱོན་པ་སྨྱོན་མའི་ཟོལ་འདྲ། ཁྱུ་ཅིག་འདོན་ཡོང་གི་ཡོད་རེད་བ།
STT_TT00204_00352.350-00356.850,ཞེ་བོ་མ་སྣང་བ་སྐྱིད་པོ་བྱུང་། ཅིག་ཡིན་ནོ་བྱས་ནས་ཕ་ཚུལ་ཚུལ། སྟོད་ཐུང་འདྲ་པས་བྱས་རེ་བྱས་སྐད་རྒྱབས་བྱས།  ,zhe bo ma snang ba skyid po byung /_cig yin no byas nas pha tshul tshul/_stod thung 'dra pas byas re byas skad rgyabs byas/__,https://d38pmlk0v88drf.cloudfront.net/wav16k/STT_TT00204_00352.350-00356.850.wav,STT_TT,3,102,4.5,wav16k/STT_TT00204_00352.350-00356.850.wav,བསམ་བློི་ནང་སྣང་བ་སྐྱིད་པོ་བྱུང་། ཅིག་དབྱིངས་དྲ་ཞིག་ཕར་ཚུར་དུས་དེ་བ། སྟོད་ཐུང་ཞིག་ད་ཕུད་བྱས།་རལ་བྱས།་སྐི་བརྒྱབ་བྱས་དཔེ།
STT_TT00204_00357.000-00358.000,གང་བྱུང་མ་བྱུང་བྱེད་ཀིས་བསྡད་ཡ་ཟོལ་འདྲ།  ,gang byung ma byung byed kis bsdad ya zol 'dra/__,https://d38pmlk0v88drf.cloudfront.net/wav16k/STT_TT00204_00357.000-00358.000.wav,STT_TT,3,41,1.0,wav16k/STT_TT00204_00357.000-00358.000.wav,གང་བྱུང་མང་བྱུ་བྱེད་ཀི་སྡོད་ཡ་ི་ཟོལ།
STT_TT00204_00358.300-00360.200,ཨོ་དེ་འདྲའི་རྩིས་གཞི་དེ། སྨྱོན་པས་བྱས ,o de 'dra'i rtsis gzhi de/_smyon pas byas_,https://d38pmlk0v88drf.cloudfront.net/wav16k/STT_TT00204_00358.300-00360.200.wav,STT_TT,3,38,1.8999999999999773,wav16k/STT_TT00204_00358.300-00360.200.wav,འོ་དེ་འདྲ་གི་རྩིས་གཞི་འདེ། སྨྱོན་པའི
STT_TT00204_00360.800-00364.500,ད་ང་ཚོའི་ནམ་རྒྱུན་ལས་རྒྱུ་འབྲས་དང་། དེ་འདྲ་སྒང་ལ་ལྟས་ཡོང་དུ་དེབ། མང་ཆེ་བ་འདི་འདྲ་འདྲ་བོ་ཞིག་གི་སྒང་ནས་ཕྱིན་པ་རེད་ད།  ,da nga tsho'i nam rgyun las rgyu 'bras dang /_de 'dra sgang la ltas yong du deb/_mang che ba 'di 'dra 'dra bo zhig gi sgang nas phyin pa red da/__,https://d38pmlk0v88drf.cloudfront.net/wav16k/STT_TT00204_00360.800-00364.500.wav,STT_TT,3,117,3.6999999999999886,wav16k/STT_TT00204_00360.800-00364.500.wav,ད་ང་ཚོ་ནམ་རྒྱུན་ལས་རྒྱུ་འབྲས་དང་། དེ་འདྲ་སྒང་ལ་བལྟས་ཡོང་དུས་དེ་བ། མང་ཆེ་བ་དེ་འདྲ་འདྲ་བོ་འདྲ་ཞིག་སྒང་ནས་ཕྱིན་པ་རེད་དཱ།
STT_TT00204_00364.850-00366.300,ད་འདའ་བར་དུ་མི་ཚེ་དེ་འདྲ་ཞིག་སྐྱལ་སོང་།  ,da 'da' bar du mi tshe de 'dra zhig skyal song /__,https://d38pmlk0v88drf.cloudfront.net/wav16k/STT_TT00204_00364.850-00366.300.wav,STT_TT,3,41,1.4499999999999886,wav16k/STT_TT00204_00364.850-00366.300.wav,ད་ལྟ་བར་དུ་མི་ཚེ་དེ་འདྲ་དྲ་ཞིག་སྐྱེལ་སོང་།
STT_TT00204_00366.800-00369.350,ཨོ་དེ་འདས་པའི་གནས་ཚུལ་རྟེན་བྱས་བག་ཡོད་སྒོམ་སྟངས་དེ་བྱས།  ,o de 'das pa'i gnas tshul rten byas bag yod sgom stangs de byas/__,https://d38pmlk0v88drf.cloudfront.net/wav16k/STT_TT00204_00366.800-00369.350.wav,STT_TT,3,57,2.550000000000012,wav16k/STT_TT00204_00366.800-00369.350.wav,འོ་འདི་འདས་པའི་གནས་ཚུལ་ལ་བརྟེན་བྱས། བག་ཡོད་སྒོམ་སྟངས་ད་འདི་ཅིག
STT_TT00204_00369.800-00371.950,ད་ང་ཚོའི་ད་ལྟ་བའི་གནས་ཚུལ་ལ་གཟིགས་བྱས། གཅིག་བསམ་བློ་ཞིག་གཏོང་ད།  ,da nga tsho'i da lta ba'i gnas tshul la gzigs byas/_gcig bsam blo zhig gtong da/__,https://d38pmlk0v88drf.cloudfront.net/wav16k/STT_TT00204_00369.800-00371.950.wav,STT_TT,3,65,2.1499999999999773,wav16k/STT_TT00204_00369.800-00371.950.wav,ད་ང་ཚོ་ད་ལྟ་བའི་གནས་ཚུལ་དེ་ྱས་ཅིག་བསམ་བློ་ཞིག་གཏོང་དཱ།
STT_TT00204_00986.400-00988.250,ད་འདི་ནང་ནས་ཡས་ནས་མར་ཅིག ད་རྒན་ལགས་ནི།  ,da 'di nang nas yas nas mar cig_da rgan lags ni/__,https://d38pmlk0v88drf.cloudfront.net/wav16k/STT_TT00204_00986.400-00988.250.wav,STT_TT,3,40,1.8500000000000227,wav16k/STT_TT00204_00986.400-00988.250.wav,ད་འདི་ནང་ནས། ཡ་ནས་མ་ཅིག་ད་རྒན་ལགས་ཀི།
STT_TT00204_00988.500-00990.000,ཞལ་སྡང་ཚད་ལོ་གང་ག་ལ་ཡ།  ,zhal sdang tshad lo gang ga la ya/__,https://d38pmlk0v88drf.cloudfront.net/wav16k/STT_TT00204_00988.500-00990.000.wav,STT_TT,3,24,1.5,wav16k/STT_TT00204_00988.500-00990.000.wav,ཞལ་གདང་ཚད་ལོ་གང་ག་ལ་ཡ།
STT_TT00204_00990.150-00993.100,བྱང་ཆུབ་ཀི་སེམས་བྱང་ཆུབ་ཀི་སེམས་བྱང་ཆུབ་ཀི་སེམས། དེ་འདྲ་རྐྱང་རྐྱང་ཞིག་གསུངས་ཡོང་གི་འདུག་ག ,byang chub ki sems byang chub ki sems byang chub ki sems/_de 'dra rkyang rkyang zhig gsungs yong gi 'dug ga_,https://d38pmlk0v88drf.cloudfront.net/wav16k/STT_TT00204_00990.150-00993.100.wav,STT_TT,3,90,2.950000000000045,wav16k/STT_TT00204_00990.150-00993.100.wav,བྱང་ཆུབ་ཀི་སེམས། བྱང་ཆུབ་ཀི་སེམས། བྱང་ཆུབ་ཀི་སེམས། དེ་འདྲ་རྐྱང་རྐྱང་ི་གསུངས་ཡོང་གི་འདུག་གཱ
STT_TT00204_00993.550-00995.050,དེ་འདྲ་གི་བྱང་ཆུབ་ཀི་སེམས་ཉམས་ལེན་བྱས།  ,de 'dra gi byang chub ki sems nyams len byas/__,https://d38pmlk0v88drf.cloudfront.net/wav16k/STT_TT00204_00993.550-00995.050.wav,STT_TT,3,40,1.5,wav16k/STT_TT00204_00993.550-00995.050.wav,དེ་འདྲ་གི་བྱང་ཆུབ་ཀི་སེམས་ཉམས་ལེན་བྱས།
STT_TT00204_00995.200-00996.850,སེམས་པ་ཡག་པོ་ད་ག་འདྲ་བོ་ཞིག་རྒྱུད་ལ་སྐྱེས་ཡ།  ,sems pa yag po da ga 'dra bo zhig rgyud la skyes ya/__,https://d38pmlk0v88drf.cloudfront.net/wav16k/STT_TT00204_00995.200-00996.850.wav,STT_TT,3,46,1.6499999999999773,wav16k/STT_TT00204_00995.200-00996.850.wav,སེམས་པ་ཡག་པོ་ད་ག་འདྲ་བོ་ཞིག་རྒྱུད་ལ་སྐྱེ་ཡ་ི
STT_TT00204_00997.250-00998.550,དེ་ཆེད་དུ་ཅིག་ཕ་གིའི་ ,de ched du cig pha gi'i _,https://d38pmlk0v88drf.cloudfront.net/wav16k/STT_TT00204_00997.250-00998.550.wav,STT_TT,3,22,1.2999999999999543,wav16k/STT_TT00204_00997.250-00998.550.wav,འདེའི་ཆེད་དུ་ཅིག་ཕ་གེ
STT_TT00204_00998.750-00999.850,འགལ་རྐྱེན་བཟོས་ཡོང་མྱི།  ,'gal rkyen bzos yong myi/__,https://d38pmlk0v88drf.cloudfront.net/wav16k/STT_TT00204_00998.750-00999.850.wav,STT_TT,3,25,1.1000000000000227,wav16k/STT_TT00204_00998.750-00999.850.wav,འགལ་རྐྱེན་བཟོས་ཡོང་ངེ་།
STT_TT00204_00961.650-00962.450,ད་སྐད་ཆ་འདི་རེད།  ,da skad cha 'di red/__,https://d38pmlk0v88drf.cloudfront.net/wav16k/STT_TT00204_00961.650-00962.450.wav,STT_TT,3,18,0.8000000000000682,wav16k/STT_TT00204_00961.650-00962.450.wav,ད་སྐད་ཆ་འདི་རེད།
STT_TT00204_00372.300-00375.250,ད་འདའ་སྤྱི་ཚོགས་འདིའི་སྒང་ལ་ཡ། ལས་རྒྱུ་འབྲས་ང་རང་ཚོ་ད།  ,da 'da' spyi tshogs 'di'i sgang la ya/_las rgyu 'bras nga rang tsho da/__,https://d38pmlk0v88drf.cloudfront.net/wav16k/STT_TT00204_00372.300-00375.250.wav,STT_TT,3,56,2.9499999999999886,wav16k/STT_TT00204_00372.300-00375.250.wav,ད་ལྟ་སྤྱི་ཚོགས་འདིའི་སྒང་ལ་ཡ། ལས་རྒྱུ་འབྲས་ལག་ལེན་ཅིག་བྟ།
STT_TT00204_00412.200-00414.250,ཚུལ་ཕྱོགས་ཚུལ་ཕྱོགས་ཁ་ཤས་ཚད་མ་ལོང་བས་ཁ་ཐུག་སླེབ་བསྡད་འདུག་ག ,tshul phyogs tshul phyogs kha shas tshad ma long bas kha thug sleb bsdad 'dug ga_,https://d38pmlk0v88drf.cloudfront.net/wav16k/STT_TT00204_00412.200-00414.250.wav,STT_TT,3,60,2.050000000000012,wav16k/STT_TT00204_00412.200-00414.250.wav,ཚུར་ཕྱོགས་ཚུར་ཕྱོགས་ཁ་ཆེ་ཚད་མ་ལོན་པའི་ཁ་ཐུག་ལ་སླེབས་དུས་དེ་བ།
STT_TT00204_00959.600-00961.400,དེར་སོང་ཙང་ང་ཚོའི་སེམས་སྲུངས་དགོས་རེད་བྱས།  ,der song tsang nga tsho'i sems srungs dgos red byas/__,https://d38pmlk0v88drf.cloudfront.net/wav16k/STT_TT00204_00959.600-00961.400.wav,STT_TT,3,44,1.7999999999999543,wav16k/STT_TT00204_00959.600-00961.400.wav,དེ་སོང་ཙང་།ང་ཚོས་སེམས་སྲུང་དགོས་རེད་བྱ།
STT_TT00204_00963.000-00965.350,ལྷག་པར་དུ་དེ་རིང་འདིར་ང་ཚོའི་སྤྱོད་འཇུག་ཁྲིད་བསྡད་པའི་ཁ་ཐུག་དེར།  ,lhag par du de ring 'dir nga tsho'i spyod 'jug khrid bsdad pa'i kha thug der/__,https://d38pmlk0v88drf.cloudfront.net/wav16k/STT_TT00204_00963.000-00965.350.wav,STT_TT,3,66,2.3500000000000227,wav16k/STT_TT00204_00963.000-00965.350.wav,ལྷག་པར་དུ།་ད་རིང་དེ། ང་ཚོ་སྤྱོད་འཇུག་འཁྲིད་བསྡད་པའི་ཁ་ཐུག་དེ།
STT_TT00204_00965.600-00967.200,སེམས་ག་རེ་སྲུངས་དགོས་རེད་ཟེར་ལབ་ཀིས་འདུག་ན།  ,sems ga re srungs dgos red zer lab kis 'dug na/__,https://d38pmlk0v88drf.cloudfront.net/wav16k/STT_TT00204_00965.600-00967.200.wav,STT_TT,3,45,1.6000000000000227,wav16k/STT_TT00204_00965.600-00967.200.wav,སེམས་ག་རེ་སྲུང་དགོས་རེད་ཟེ་ལབ་ཀི་འདུག་ན།
STT_TT00204_00967.600-00970.900,སེམས་སྲུངས་སེམས་སྲུངས་ཟེར་ལབ་ཡོང་དུས་དེ་བ། བསམ་བློ་ཁོ་རང་རྩ་བ་ཉིད་ནས་མ་བཏང་བ་བྱས།  ,sems srungs sems srungs zer lab yong dus de ba/_bsam blo kho rang rtsa ba nyid nas ma btang ba byas/__,https://d38pmlk0v88drf.cloudfront.net/wav16k/STT_TT00204_00967.600-00970.900.wav,STT_TT,3,83,3.2999999999999545,wav16k/STT_TT00204_00967.600-00970.900.wav,སེམས་བསྲུང་། སེམས་བསྲུང་ཟེ་ལབ་ཡོང་དུས་དེ་བ། བསམ་བློ་ཁོ་རང་རྩ་བ་ཉིད་ནས་མ་བཏང་པ་བྱས།
STT_TT00204_00971.650-00975.800,ག་གེ་བསམ་བློའི་ནང་ལ་མ་འཁོར་བ་བྱས་བསྡད་བཞག་ན། དེའི་སེམས་སྲུངས་རེད་པས་ཟེར་ན། དེའི་སེམས་སྲུངས་ཡོད་པ་མ་རེད།  ,ga ge bsam blo'i nang la ma 'khor ba byas bsdad bzhag na/_de'i sems srungs red pas zer na/_de'i sems srungs yod pa ma red/__,https://d38pmlk0v88drf.cloudfront.net/wav16k/STT_TT00204_00971.650-00975.800.wav,STT_TT,3,105,4.149999999999977,wav16k/STT_TT00204_00971.650-00975.800.wav,ད་གེ་བསམ་བློ་ནང་ལ་མ་འཁོར་བ་བྱས་བསྡད་བཞག་ན། དེ་སེམས་སྲུང་བ་རེད་ཟེར་ན། དེ་སེམས་བསྲུང་ཡོད་མ་རེད།
STT_TT00204_00976.000-00977.150,བསམ་བློ་མ་འཁོར་བ་བྱེད་དགོས་མ་རེད།  ,bsam blo ma 'khor ba byed dgos ma red/__,https://d38pmlk0v88drf.cloudfront.net/wav16k/STT_TT00204_00976.000-00977.150.wav,STT_TT,3,35,1.1499999999999773,wav16k/STT_TT00204_00976.000-00977.150.wav,བསམ་བློ་མ་འཁོར་བ་བྱེད་དགོས་མ་རེད།
STT_TT00204_00977.400-00980.850,ད་ཡིན་ན་ཡང་ང་ཚོས་ད་འདའ་འདིར་ག་རེ་བཤད་བསྡད་ཀི་ཡོད་ཟེར་ན། ང་ཚོས་ད་འདའ་སྤྱོད་འཇུག་ལེའུ་དང་པོའི་ཁྲིད་ཞུས་པ་རེད།  ,da yin na yang nga tshos da 'da' 'dir ga re bshad bsdad ki yod zer na/_nga tshos da 'da' spyod 'jug le'u dang po'i khrid zhus pa red/__,https://d38pmlk0v88drf.cloudfront.net/wav16k/STT_TT00204_00977.400-00980.850.wav,STT_TT,3,109,3.450000000000045,wav16k/STT_TT00204_00977.400-00980.850.wav,ད་ཡིན་ནཡང་། ང་ཚོ་ད་ལྟ་འདེ།་ག་རེ་བཤད་བསྡད་ཀི་ཡོད་ད་ཟེར་ན། ང་ཚོ་ད་ལྟ་སྤྱོད་འཇུག་ལེའུ་དང་པོའི་ཁྲིད་ཞུས་པ་རེད།
STT_TT00204_00981.000-00982.400,གཉིས་པའི་ཁྲིད་ཞུས་པ་རེད། གསུམ་པའི་ཁྲིད་ཞུས།  ,gnyis pa'i khrid zhus pa red/_gsum pa'i khrid zhus/__,https://d38pmlk0v88drf.cloudfront.net/wav16k/STT_TT00204_00981.000-00982.400.wav,STT_TT,3,45,1.3999999999999773,wav16k/STT_TT00204_00981.000-00982.400.wav,གཉིས་པའི་ཁྲིད་བཞི་པ་། གསུམ་པའི་ཁྲིད་བཞི།
STT_TT00204_00982.900-00983.550,བཞི་བའི་ཁྲིད་ཞུས་པ་རེད་པ།  ,bzhi ba'i khrid zhus pa red pa/__,https://d38pmlk0v88drf.cloudfront.net/wav16k/STT_TT00204_00982.900-00983.550.wav,STT_TT,3,27,0.6499999999999773,wav16k/STT_TT00204_00982.900-00983.550.wav,དི་པའི་ཁྲིད་ཞུས་པ་རེད་བ།
STT_TT00204_00984.000-00986.100,ད་ལེའུ་བཞི་བ་བར་དུ་ང་ཚོའི་སྤྱོད་འཇུག་གི་ཁྲིད་ཞུས་པ་རེད།  ,da le'u bzhi ba bar du nga tsho'i spyod 'jug gi khrid zhus pa red/__,https://d38pmlk0v88drf.cloudfront.net/wav16k/STT_TT00204_00984.000-00986.100.wav,STT_TT,3,57,2.1000000000000227,wav16k/STT_TT00204_00984.000-00986.100.wav,ད་ལེའུ་བཞི་པ་བར་དུ། ང་ཚོས་སྤྱ་སྤྱོད་འཇུག་གི་ཁྲིད་ཞུས་པ་རེད།
STT_TT00204_01000.100-01001.050,སྐེ་འཛག་ལྷག་འགྲོ་མྱི།  ,ske 'dzag lhag 'gro myi/__,https://d38pmlk0v88drf.cloudfront.net/wav16k/STT_TT00204_01000.100-01001.050.wav,STT_TT,3,23,0.9499999999999318,wav16k/STT_TT00204_01000.100-01001.050.wav,སྐྱེན་རྩ་ལྷག་འགྲོ་ངེ།
STT_TT00204_01001.400-01006.150,སོ་སོའི་བསམ་བློའི་ནང་ལ། བྱང་ཆུབ་ཀི་སེམས་ལ་བསམ་བློ་འདྲ་ཆུང་ཆུང་བཏང་ཐུབ་པ་ཡིན་ན་ལེ། ཡང་དེ་བ་ཅིག་ཁ་རལ་སྣ་རལ་འདྲ་ཕྱིན་བྱས།  ,so so'i bsam blo'i nang la/_byang chub ki sems la bsam blo 'dra chung chung btang thub pa yin na le/_yang de ba cig kha ral sna ral 'dra phyin byas/__,https://d38pmlk0v88drf.cloudfront.net/wav16k/STT_TT00204_01001.400-01006.150.wav,STT_TT,3,120,4.75,wav16k/STT_TT00204_01001.400-01006.150.wav,སོ་སོའི་བསམ་བློ་ནང་ནས།་བྱང་ཆུབ་ཀི་སེམས་འདྲ་ིག་བསམ་བློ་འདྲ་ཞིག་ཕྲན་བུ་བཏང་ཐུབ་པ་ཡིན་ན་ལས། ཡང་དེ་བ་དེ་ཅིག་ཁ་རལ་སྣ་རལ་འདྲ་ཞིག་ཕྱིན་བྱས།
STT_TT00204_01006.500-01007.300,ཉམས་ཆགས་འགྲོ་བསྡད་ངེ་ཟོལ་ ,nyams chags 'gro bsdad nge zol _,https://d38pmlk0v88drf.cloudfront.net/wav16k/STT_TT00204_01006.500-01007.300.wav,STT_TT,3,26,0.7999999999999545,wav16k/STT_TT00204_01006.500-01007.300.wav,ཉམས་ཆག་འགྲོ་བསྡད་ངེ་ི
STT_TT00204_01007.800-01010.300,ཨོ་ད་དེ་འདྲ་གིས་གཞི་རྐྱེན་ལ་འགྲོ་ཡ་དེ་གས་སྒང་ལ། ད་ང་ཚོའི་སྲུངས།  ,o da de 'dra gis gzhi rkyen la 'gro ya de gas sgang la/_da nga tsho'i srungs/__,https://d38pmlk0v88drf.cloudfront.net/wav16k/STT_TT00204_01007.800-01010.300.wav,STT_TT,3,65,2.5,wav16k/STT_TT00204_01007.800-01010.300.wav,འོ་ད། དེ་འདྲ་གི་གཞི་རྐྱེན་ལ་འགྲོ་ཡ་འདི་གས་གང་ག ད་ང་ཚོ་གསུངས།
STT_TT00204_01010.850-01012.950,དེ་རིང་འདིར་སེམས་སྲུངས་ཀི་ཡིན་སེམས་སྲུངས་ཀི་ཡིན་ཟེར།  ,de ring 'dir sems srungs ki yin sems srungs ki yin zer/__,https://d38pmlk0v88drf.cloudfront.net/wav16k/STT_TT00204_01010.850-01012.950.wav,STT_TT,3,54,2.1000000000000227,wav16k/STT_TT00204_01010.850-01012.950.wav,ད་རེང་དེ་སེམས་སྲུང་གི་ཡིན། སེམས་སྲུང་གི་ཡིན་ཟེར་ཡ།
STT_TT00204_01013.300-01013.950,སེམས་སེམས་ཟ།  ,sems sems za/__,https://d38pmlk0v88drf.cloudfront.net/wav16k/STT_TT00204_01013.300-01013.950.wav,STT_TT,3,14,0.650000000000091,wav16k/STT_TT00204_01013.300-01013.950.wav,སེམས་སེམས་ཟེར།
STT_TT00204_01014.100-01014.900,སེམས་དེ་ག་རེ་ཟེར་ན།  ,sems de ga re zer na/__,https://d38pmlk0v88drf.cloudfront.net/wav16k/STT_TT00204_01014.100-01014.900.wav,STT_TT,3,21,0.7999999999999545,wav16k/STT_TT00204_01014.100-01014.900.wav,སེམས་འདི་ག་རེ་ཟེར་ན།
STT_TT00204_01015.050-01015.600,སེམས་པ་བཟང་།  ,sems pa bzang /__,https://d38pmlk0v88drf.cloudfront.net/wav16k/STT_TT00204_01015.050-01015.600.wav,STT_TT,3,14,0.5500000000000682,wav16k/STT_TT00204_01015.050-01015.600.wav,སེམས་པ་བཟང་པོ།
STT_TT00204_01016.200-01018.050,ད་སེམས་པ་བཟང་པོ་དེ། ཕར་བོར་བརླགས་མ་འགྲོ་བ་ཅིག ,da sems pa bzang po de/_phar bor brlags ma 'gro ba cig_,https://d38pmlk0v88drf.cloudfront.net/wav16k/STT_TT00204_01016.200-01018.050.wav,STT_TT,3,46,1.849999999999909,wav16k/STT_TT00204_01016.200-01018.050.wav,ད་སེམས་པ་བཟང་པོ་འདེ། ཕར་བོ་བརླག་མ་འགྲོ་བ་བྱས།
STT_TT00204_01018.450-01019.450,བརླགས་མ་ཕྱིན་པ་བྱས།  ,brlags ma phyin pa byas/__,https://d38pmlk0v88drf.cloudfront.net/wav16k/STT_TT00204_01018.450-01019.450.wav,STT_TT,3,21,1.0,wav16k/STT_TT00204_01018.450-01019.450.wav,བརླགས་མ་ཕྱིན་པ་བྱས།
STT_TT00204_01020.000-01021.300,ཡག་པོ་ཞིག་ཚུལ་བསྡུས་ཐུབ་པ་གཅིག ,yag po zhig tshul bsdus thub pa gcig_,https://d38pmlk0v88drf.cloudfront.net/wav16k/STT_TT00204_01020.000-01021.300.wav,STT_TT,3,31,1.2999999999999543,wav16k/STT_TT00204_01020.000-01021.300.wav,ཡག་པོ་བྱས་ཚུར་སྡོད་ཐུབ་པ་ཞིག
STT_TT00204_01021.500-01023.600,ད་ངས་བྱེད་ཀིས་ཡིན་བྱས་ནས། ཨོ་ད་དེ་གསུངས་ཀིས་ཡོད་པ་རེད་ད།  ,da ngas byed kis yin byas nas/_o da de gsungs kis yod pa red da/__,https://d38pmlk0v88drf.cloudfront.net/wav16k/STT_TT00204_01021.500-01023.600.wav,STT_TT,3,58,2.1000000000000227,wav16k/STT_TT00204_01021.500-01023.600.wav,ད་ངས་བྱེད་ཀི་ཡིན་བྱས་ནས། འོ་ད་འདི་གསུང་ཀི་ཡོད་རེད་དཱ།
STT_TT00204_01023.950-01026.800,སེམས་པ་གང་གང་ང་ཚོའི་སྲུངས་དགོས་ཡ་ཡོད་པ་མ་རེད། སེམས་པ་ཁ་ཤས་ང་ཚོའི་སྲུངས་ཐུབ་ཡ་ཡོད་པ་མ་རེད།  ,sems pa gang gang nga tsho'i srungs dgos ya yod pa ma red/_sems pa kha shas nga tsho'i srungs thub ya yod pa ma red/__,https://d38pmlk0v88drf.cloudfront.net/wav16k/STT_TT00204_01023.950-01026.800.wav,STT_TT,3,91,2.849999999999909,wav16k/STT_TT00204_01023.950-01026.800.wav,སེམས་པ་གང་ག་ང་ཚོས་སྲུང་དགོས་ཡ་ཡོད་མ་རེད། སེམས་པ་ཁ་ཤས་ང་ཚོས་སྲུང་ཐུབ་ཡ་ཡོད་མ་རེད།
STT_TT00204_01027.200-01029.550,ཁོ་རང་ག་བ་ཅིག་ཁོ་བསམ་བློ་འཁོར་བསྡད་འདུག་བཏང་བཞག་རྒྱུས་རེད་མ་གཏོགས་ ,kho rang ga ba cig kho bsam blo 'khor bsdad 'dug btang bzhag rgyus red ma gtogs _,https://d38pmlk0v88drf.cloudfront.net/wav16k/STT_TT00204_01027.200-01029.550.wav,STT_TT,3,67,2.349999999999909,wav16k/STT_TT00204_01027.200-01029.550.wav,ཁོ་རང་ག་བ་ཅིག ཁོ་བསམ་བློ་འཁོར་བསྡད་དུས། བཏང་བཞག་རྒྱུ་རེད་མ་གཏོགས
STT_TT00204_01030.100-01030.800,ཁ་ཤས་ཁྱོན་ནས་ཡོད་པ་མ་རེད།  ,kha shas khyon nas yod pa ma red/__,https://d38pmlk0v88drf.cloudfront.net/wav16k/STT_TT00204_01030.100-01030.800.wav,STT_TT,3,27,0.7000000000000455,wav16k/STT_TT00204_01030.100-01030.800.wav,ཐབས་ཤེས་ཁྱོན་ནས་ཡོད་མ་རེད།
STT_TT00204_01031.150-01032.850,སྐབས་རེ་སྐབས་རེ་ང་ཚོའི་གཉིད་ཨོ་དེ་འདྲ་རེད་འདུག་ག ,skabs re skabs re nga tsho'i gnyid o de 'dra red 'dug ga_,https://d38pmlk0v88drf.cloudfront.net/wav16k/STT_TT00204_01031.150-01032.850.wav,STT_TT,3,49,1.699999999999818,wav16k/STT_TT00204_01031.150-01032.850.wav,སྐབས་རེ་སྐབས་རེ་ང་ཚོ་གཉིད། འོ་དེ་འདྲ་རེད་འདུག་གཱ
STT_TT00204_00693.300-00697.800,འོ་དེ་འདྲ་གི བརྟག་དཔྱད་བྱེད་ངེ་། སོ་སོས་སོ་སོ་ལ་ཡ། བརྟག་དཔྱད་བྱེད་ངེ་། རྩོད་པ་འཐོན་བསྡད་ངེ་།  ,'o de 'dra gi_brtag dpyad byed nge /_so sos so so la ya/_brtag dpyad byed nge /_rtsod pa 'thon bsdad nge /__,https://d38pmlk0v88drf.cloudfront.net/wav16k/STT_TT00204_00693.300-00697.800.wav,STT_TT,3,94,4.5,wav16k/STT_TT00204_00693.300-00697.800.wav,འོ་དེ་འདྲ་གི བརྟག་དཔྱད་བྱེད་ངེ། སོ་སོས་སོ་སོ་ལ་ཡ། བརྟག་དཔྱད་བྱེད་ངེ། རྩོ་པ་འདོན་བསྡད་ངེ།
STT_TT00204_00697.950-00700.200,དེ་འདྲ་གི་ཅིག་བསམ་བློ་ཞིག་ཡོད་རེད་བ། ད་དེ་འདྲ་གི་བརྟག་དཔྱད་བྱེད་བསམ།  ,de 'dra gi cig bsam blo zhig yod red ba/_da de 'dra gi brtag dpyad byed bsam/__,https://d38pmlk0v88drf.cloudfront.net/wav16k/STT_TT00204_00697.950-00700.200.wav,STT_TT,3,70,2.25,wav16k/STT_TT00204_00697.950-00700.200.wav,དེ་འདྲ་གི་ཅིག་བསམ་བློ་ཅིག་ཡོད་རེད་བ། ད་དེ་འདྲ་བརྟག་དཔྱད་བྱེད་ི་བསམོ།
STT_TT00204_00700.600-00701.800,དེ་ལ་ཡ། ཤེས་བཞིན་ཟ།  ,de la ya/_shes bzhin za/__,https://d38pmlk0v88drf.cloudfront.net/wav16k/STT_TT00204_00700.600-00701.800.wav,STT_TT,3,21,1.1999999999999318,wav16k/STT_TT00204_00700.600-00701.800.wav,དེ་ལ་ཡ་ཤེས་བཞིན་ཟ།
STT_TT00204_01033.250-01035.700,སྐབས་རེ་སྐབས་རེ་གཉིད་ཁུགས་ཁ་མོ་ལ་ཡ། འདི་བ་ཅིག་འདི་བ་ཅིག གདོང་ལ་ཆུ་འདྲ་ཤོས།  ,skabs re skabs re gnyid khugs kha mo la ya/_'di ba cig 'di ba cig_gdong la chu 'dra shos/__,https://d38pmlk0v88drf.cloudfront.net/wav16k/STT_TT00204_01033.250-01035.700.wav,STT_TT,3,76,2.450000000000045,wav16k/STT_TT00204_01033.250-01035.700.wav,སྐབས་རེ་སྐབས་རེ་གཉིད་ཁུག་ཁ་ལ་མོ་ལ་ཡ། འདི་བ་ཅིག་གདོང་ལ་ཆུ་འདྲ་ཅུ
STT_TT00204_01035.950-01038.250,ཡར་སེ་མར་སེ་ལང་བསྡད་འདྲ་ཅིག གཅིག་བྱས་དུས། ཁོས་སེང་འགྲོ་ངེ་བཟོ ,yar se mar se lang bsdad 'dra cig_gcig byas dus/_khos seng 'gro nge bzo_,https://d38pmlk0v88drf.cloudfront.net/wav16k/STT_TT00204_01035.950-01038.250.wav,STT_TT,3,62,2.2999999999999545,wav16k/STT_TT00204_01035.950-01038.250.wav,ཡར་ཙི་མ་་ལང་དང་འདྲ་བྱས། ཅིག་བྱེད་དུས་དེ་བ། ཁོ་སངས་འགྲོ་ངེ་ཟ
STT_TT00204_01038.600-01041.700,སྐབས་རེ་སྐབས་རེ་ཨ་ལེ་གནས་སྐབས་རང་ཁྱུག་སེ་ཞིག་ཁུངས་མ་བྱས་ན། རེ་བ་ཁོ་རང་ཡོད་པ་མ་རེད།  ,skabs re skabs re a le gnas skabs rang khyug se zhig khungs ma byas na/_re ba kho rang yod pa ma red/__,https://d38pmlk0v88drf.cloudfront.net/wav16k/STT_TT00204_01038.600-01041.700.wav,STT_TT,3,84,3.1000000000001364,wav16k/STT_TT00204_01038.600-01041.700.wav,སྐབས་རེ་སྐབས་རེ་ཨ་ལེ། གནས་སྐབས་རི་ག འཁྱུག་ཙི་ཞིག་ཁུག་མ་བཞག་ན། རེ་བ་ཁོ་རང་ཡོད་མ་རེད།
STT_TT00204_01041.950-01044.400,ཁོ་རང་ཨ་ལེ་ཅིག་གང་ལྟར་ཁ་ནས་ཅིག་ཁྱུག་སེ་ཉལ་མ་བཞག་ན།  ,kho rang a le cig gang ltar kha nas cig khyug se nyal ma bzhag na/__,https://d38pmlk0v88drf.cloudfront.net/wav16k/STT_TT00204_01041.950-01044.400.wav,STT_TT,3,52,2.450000000000045,wav16k/STT_TT00204_01041.950-01044.400.wav,ཁོ་རང་ཨ་ལེ་ཅིག གང་ལྟར་ཁ་ལ་ཅིག་ཁྱུག་ྱིག་ཉན་མ་བཞག་ན།
STT_TT00204_01044.650-01046.450,ཁོ་རང་ཅིག་ཤུགས་ཆེན་པོ་ཞེ་བོ་ཅིག་ཆགས་བྱས། ཨོ་དེ་ཟོལ་འདྲ་བྱས།  ,kho rang cig shugs chen po zhe bo cig chags byas/_o de zol 'dra byas/__,https://d38pmlk0v88drf.cloudfront.net/wav16k/STT_TT00204_01044.650-01046.450.wav,STT_TT,3,61,1.7999999999999543,wav16k/STT_TT00204_01044.650-01046.450.wav,ཁོ་རང་ཅིག་ཤུགས་ཆེན་པོ་ཞེ་བོ་ི་ཆགས་ཡོང་བྱས། འོ་འདི་ཟོལ་འདྲ་བྱས།
STT_TT00204_01046.650-01048.850,ད་ང་ཚོའི་ཨ་ལེ་དེ་རིང་འདིར་སེམས་སྲུངས་སེམས་སྲུངས་ཟེར་ཡ་དེ།  ,da nga tsho'i a le de ring 'dir sems srungs sems srungs zer ya de/__,https://d38pmlk0v88drf.cloudfront.net/wav16k/STT_TT00204_01046.650-01048.850.wav,STT_TT,3,59,2.199999999999818,wav16k/STT_TT00204_01046.650-01048.850.wav,ད་ང་ཚོ་ཨ་ལེ། ད་རིང་དེ་སེམས་སྲུང་། སེམས་བསྲུང་ཟེར་ཡ་འདི།
STT_TT00204_01049.150-01050.550,བསམ་བློ་བཟང་པོའི་རིགས་དེ་གས།  ,bsam blo bzang po'i rigs de gas/__,https://d38pmlk0v88drf.cloudfront.net/wav16k/STT_TT00204_01049.150-01050.550.wav,STT_TT,3,30,1.3999999999998636,wav16k/STT_TT00204_01049.150-01050.550.wav,བསམ་བློ་བཟང་པོའི་རིགས་དེ་གས།
STT_TT00204_01050.700-01051.200,འཕྲོ་བརླགས་མ་འགྲོ ,'phro brlags ma 'gro_,https://d38pmlk0v88drf.cloudfront.net/wav16k/STT_TT00204_01050.700-01051.200.wav,STT_TT,3,18,0.5,wav16k/STT_TT00204_01050.700-01051.200.wav,ཕོགས་རལག་མ་འགྲོ།
STT_TT00204_01051.750-01053.800,དཔེར་ན་བསམ་བློ་བཟང་པོ་ཞེ་བོ་རང་བྱེད་མི་ཐུབ་མྱི་ ,dper na bsam blo bzang po zhe bo rang byed mi thub myi _,https://d38pmlk0v88drf.cloudfront.net/wav16k/STT_TT00204_01051.750-01053.800.wav,STT_TT,3,48,2.0499999999999545,wav16k/STT_TT00204_01051.750-01053.800.wav,དཔེར་ན། བསམ་བློ་བཟང་པོ་ཞེ་བོ་རང་བྱེད་མ་ཐུབ་ངེ།
STT_TT00204_00709.350-00712.600,པུ་སུ་སུ་འདི། ག་རེ་བྱེད་ངེ་རེད་ཟེར་ལབ་དུས་དེ་བ། ལུང་པའི་ནང་ལ་ཡ། གནས་ཚུལ་མ་ལྷག་ཡ་གི་ཐབས་ཤེས་ལ་ཡ།  ,pu su su 'di/_ga re byed nge red zer lab dus de ba/_lung pa'i nang la ya/_gnas tshul ma lhag ya gi thabs shes la ya/__,https://d38pmlk0v88drf.cloudfront.net/wav16k/STT_TT00204_00709.350-00712.600.wav,STT_TT,3,97,3.25,wav16k/STT_TT00204_00709.350-00712.600.wav,པོ་ལུ་ས་འདི་ག་རེ་བྱེད་ྱི་རེད་ཟེར་ལབ་དུས་དེ་བ། ལུང་པའི་ནང་ལ་གནས་ཚུལ་མ་ལྷག་ཡ་གི་ཐབས་ཤེས་ལ་ཡ།
STT_TT00204_00712.800-00715.150,ཁོ་ག་ནས། ཅིག་ཆུ་མ་གསུང་ན། ག་ནས་རྡོལ་ཡོང་གི་འདུག ,kho ga nas/_cig chu ma gsung na/_ga nas rdol yong gi 'dug_,https://d38pmlk0v88drf.cloudfront.net/wav16k/STT_TT00204_00712.800-00715.150.wav,STT_TT,3,48,2.3500000000000227,wav16k/STT_TT00204_00712.800-00715.150.wav,ཁོ་ག་ནས་ཅིག་ཆུ་ད་མ་སོང་ན། ག་ནས་སྡོད་ཡོང་གི་འདུག
STT_TT00204_00715.400-00717.000,རག་ད་གསུང་ནས། ག་ནས་རལ་ཡོང་གི་འདུག ,rag da gsung nas/_ga nas ral yong gi 'dug_,https://d38pmlk0v88drf.cloudfront.net/wav16k/STT_TT00204_00715.400-00717.000.wav,STT_TT,3,34,1.6000000000000227,wav16k/STT_TT00204_00715.400-00717.000.wav,རག་ད་མ་སོང་ན། ག་ནས་རལ་ཡོང་གི་འདུག
STT_TT00204_01054.050-01056.400,བསམ་བློ་དཔེ་ཅིག་རང་ཤེད་ཚ་བོ། ང་རྒྱལ་ཚ་བོ།  ,bsam blo dpe cig rang shed tsha bo/_nga rgyal tsha bo/__,https://d38pmlk0v88drf.cloudfront.net/wav16k/STT_TT00204_01054.050-01056.400.wav,STT_TT,3,43,2.3500000000001364,wav16k/STT_TT00204_01054.050-01056.400.wav,བསམ་བློ་དཔེ་ཅིག་རང་ཤེད་ཚ་བོ། ང་རྒྱལ་ཚ་བོ།
STT_TT00204_00717.350-00719.500,ག་ནས་རྐུན་མ་རྐུ་ངེ་འདུག ག་ནས་གནས་ཚུལ་བཟོས་ངེ་འདུག ,ga nas rkun ma rku nge 'dug_ga nas gnas tshul bzos nge 'dug_,https://d38pmlk0v88drf.cloudfront.net/wav16k/STT_TT00204_00717.350-00719.500.wav,STT_TT,3,50,2.1499999999999773,wav16k/STT_TT00204_00717.350-00719.500.wav,ག་ནས་རྐུན་མ་རྐུ་མངེ་འདུག ག་ནས་གནས་ཚུལ་བཟོ་མངེ་འདུག
STT_TT00204_00719.750-00720.750,ག་ནས་རྒྱག་རེས་བརྒྱབ་ངེ་འདུག ,ga nas rgyag res brgyab nge 'dug_,https://d38pmlk0v88drf.cloudfront.net/wav16k/STT_TT00204_00719.750-00720.750.wav,STT_TT,3,28,1.0,wav16k/STT_TT00204_00719.750-00720.750.wav,ག་ནས་རྒྱག་རེས་རྒྱབ་ངེ་འདུག
STT_TT00204_00721.050-00722.600,འདི་གས་ལྟ་ངེ་དེ་ལ་ཡ། པུ་ལུ་སུ།  ,'di gas lta nge de la ya/_pu lu su/__,https://d38pmlk0v88drf.cloudfront.net/wav16k/STT_TT00204_00721.050-00722.600.wav,STT_TT,3,32,1.5500000000000682,wav16k/STT_TT00204_00721.050-00722.600.wav,དི་གས་ལྟ་ངེ་དེ་ལ་ཡ། པུ་ལུ་ས།
STT_TT00204_01056.750-01059.800,བསམ་བློ་རང་ཤེད་ཚ་བོ། བསམ་བློ་ང་རྒྱལ་ཚ་བོ་ཟེར་ཡ་དེ་ད། དམྱལ་ལ་ད་རེད་འདུག་ག དངོས་གནས།  ,bsam blo rang shed tsha bo/_bsam blo nga rgyal tsha bo zer ya de da/_dmyal la da red 'dug ga_dngos gnas/__,https://d38pmlk0v88drf.cloudfront.net/wav16k/STT_TT00204_01056.750-01059.800.wav,STT_TT,3,84,3.0499999999999545,wav16k/STT_TT00204_01056.750-01059.800.wav,ཨེ་ནས། བསམ་བློ་རང་ཤིད་ཚ་བོ། བསམ་བློ་ང་རྒྱལ་ཚ་བོ་ཟེར་ཡ་དེ་ཚ། དམྱལ་ལ་ད་རེད་འདུག་ག དངོས་གནས།
STT_TT00204_01060.150-01061.550,སོ་སོ་རང་རྒྱལ་ཚ་བོ་དཔེ་ཅིག ,so so rang rgyal tsha bo dpe cig_,https://d38pmlk0v88drf.cloudfront.net/wav16k/STT_TT00204_01060.150-01061.550.wav,STT_TT,3,27,1.3999999999998636,wav16k/STT_TT00204_01060.150-01061.550.wav,སོ་སོ་རང་རྒྱལ་ཚ་བོ་དཔེ་ཅིག
STT_TT00204_00723.600-00725.700,ད་ང་ཚོས། ང་ཚོ་སོ་སོའི་པུ་ལུ་སུ་ཞིག་ཐོན།  ,da nga tshos/_nga tsho so so'i pu lu su zhig thon/__,https://d38pmlk0v88drf.cloudfront.net/wav16k/STT_TT00204_00723.600-00725.700.wav,STT_TT,3,41,2.1000000000000227,wav16k/STT_TT00204_00723.600-00725.700.wav,ད་ང་ཚོས།་ང་ཚོ་སོ་སོའི་པུ་ལུ་སུ་ཞིག་འཐོན།
STT_TT00204_00726.200-00728.700,འོ་ངས་ཅིག མི་ལ་ཅིག་སེམས་ལ་ཕོག་ཡ་གི་སྐད་ཆ།  ,'o ngas cig_mi la cig sems la phog ya gi skad cha/__,https://d38pmlk0v88drf.cloudfront.net/wav16k/STT_TT00204_00726.200-00728.700.wav,STT_TT,3,43,2.5,wav16k/STT_TT00204_00726.200-00728.700.wav,འོ་ངས་ཅིག མི་ལ་ཅིག་སེམས་ལ་ཕོག་ཡ་གི་སྐད་ཆ།
STT_TT00204_00729.000-00730.850,ད་ག་ནང་བཞིན། མིའི་སེམས་ལ་ཕོག་ཡ་གི་རྣམ་འགྱུར།  ,da ga nang bzhin/_mi'i sems la phog ya gi rnam 'gyur/__,https://d38pmlk0v88drf.cloudfront.net/wav16k/STT_TT00204_00729.000-00730.850.wav,STT_TT,3,46,1.8500000000000227,wav16k/STT_TT00204_00729.000-00730.850.wav,ད་ག་ནང་བཞིན་མིའི་སེམས་ལ་ཕོག་ཡ་གི་རྣམ་འགྱུར།
STT_TT00204_01061.950-01063.000,ཞེ་དྲག་ཚ་བོ་ཞེ་བོ་ཞིག་ཡོད་ན།  ,zhe drag tsha bo zhe bo zhig yod na/__,https://d38pmlk0v88drf.cloudfront.net/wav16k/STT_TT00204_01061.950-01063.000.wav,STT_TT,3,30,1.0499999999999543,wav16k/STT_TT00204_01061.950-01063.000.wav,ཁེ་དྲག་ཚ་བོ་ཞེ་བོ་ཞིག་ཡོད་ན།
STT_TT00204_01063.200-01064.800,སོ་སོས་སོ་སོ་མ་སྐྱིད་པ་ད་ཧ་ཅང་ཅང་།  ,so sos so so ma skyid pa da ha cang cang /__,https://d38pmlk0v88drf.cloudfront.net/wav16k/STT_TT00204_01063.200-01064.800.wav,STT_TT,3,36,1.599999999999909,wav16k/STT_TT00204_01063.200-01064.800.wav,སོ་སོ་སོ་སོ་མ་སྐྱིད་པ་ད་ཨ་ཅང་ཅང་།
STT_TT00204_01065.800-01066.600,ཨིན་སོ་སོའི་གཟའ་ཟླ།  ,in so so'i gza' zla/__,https://d38pmlk0v88drf.cloudfront.net/wav16k/STT_TT00204_01065.800-01066.600.wav,STT_TT,3,21,0.7999999999999545,wav16k/STT_TT00204_01065.800-01066.600.wav,ཨེ་ནས། སོ་སོའི་བཟའ་ཟླ།
STT_TT00204_01066.900-01067.500,རོགས་སྤུན་རྒྱ་དེ་གས།  ,rogs spun rgya de gas/__,https://d38pmlk0v88drf.cloudfront.net/wav16k/STT_TT00204_01066.900-01067.500.wav,STT_TT,3,22,0.599999999999909,wav16k/STT_TT00204_01066.900-01067.500.wav,གྲུག་སྤུནརྒྱ་འདི་གས།
STT_TT00204_01067.650-01069.550,ག་དུས་ཡིན་ན་ལེ། ཨ་ཙི་ད་ཡང་འདི་འདིས།  ,ga dus yin na le/_a tsi da yang 'di 'dis/__,https://d38pmlk0v88drf.cloudfront.net/wav16k/STT_TT00204_01067.650-01069.550.wav,STT_TT,3,37,1.899999999999864,wav16k/STT_TT00204_01067.650-01069.550.wav,ག་དུས་ཡིན་ན་ལས། ཨ་ཙི། ད་ཡང་འདི་དེ།
STT_TT00204_00731.050-00734.300,ད་ག་ནང་བཞིན། མིའི་སེམས་ལ་ཕོག་ཡ་གི་བྱེད་སྟངས། འདི་ག་འདྲ་ཅིག་གི་ཐོག་ནས། ཐོན་ཡོང་གི་འདུག ,da ga nang bzhin/_mi'i sems la phog ya gi byed stangs/_'di ga 'dra cig gi thog nas/_thon yong gi 'dug_,https://d38pmlk0v88drf.cloudfront.net/wav16k/STT_TT00204_00731.050-00734.300.wav,STT_TT,3,86,3.25,wav16k/STT_TT00204_00731.050-00734.300.wav,ད་ག་ནང་བཞིན་ མིའི་སེམས་ལ་ཕོག་ཡ་གི་བྱེད་སྟངས། འདི་གང་འདྲ་ཞིག་གི་ཐོག་ནས་འདོན་ཡོང་གི་འདུག
STT_TT00204_01077.000-01080.550,ད་རོགས་པ་མི། དངོས་གནས་ཅིག རྒྱུས་ཡོད་བྱེད་ངེ་མི། ཡག་པོ་ཞེ་བོ་ཞིག་ཡོད་ན་དཱ། ཁོ་ཅིག་རེད་བ།  ,da rogs pa mi/_dngos gnas cig_rgyus yod byed nge mi/_yag po zhe bo zhig yod na dA/_kho cig red ba/__,https://d38pmlk0v88drf.cloudfront.net/wav16k/STT_TT00204_01077.000-01080.550.wav,STT_TT,3,89,3.5499999999999545,wav16k/STT_TT00204_01077.000-01080.550.wav,ཨན་རོགས་པ་མི། དངོས་གནས་ཅིག་རྒྱུས་ཡོད་བྱེད་ངེ་མི། ཡག་པོ་ཞེ་བོ་ཞིག་ཡོད་ན་ད། ཁོ་ཅིག་རེད་བ།
STT_TT00204_01080.950-01085.000,སོ་སོ་ལ་དངོས་གནས་ཚུར་རྒྱུས་ཡོད་འདྲ་ཞིག་བྱས་བྱས། འོ་ད་ཅིག འདི་དེ་འདྲ་དེ་འདྲ་ཡོད། མཚམས་མཚམས་ཡང་འདི་ཅིག་དེ།  ,so so la dngos gnas tshur rgyus yod 'dra zhig byas byas/_'o da cig_'di de 'dra de 'dra yod/_mtshams mtshams yang 'di cig de/__,https://d38pmlk0v88drf.cloudfront.net/wav16k/STT_TT00204_01080.950-01085.000.wav,STT_TT,3,106,4.0499999999999545,wav16k/STT_TT00204_01080.950-01085.000.wav,སོ་སོ་ལ་དངོས་གནས་ཚུར་རྒྱུས་ཡོད་འདྲ་ཞིག་བྱས་བྱས། འོ་ད་ཅིག འདི་དེ་འདྲ་དེ་འདྲ་ཡོད། མཚམས་མཚམས་ཡང་འདི་ཅིག་དེ།
STT_TT00204_01069.850-01070.650,རྒྱལ་བོ་སྲོག་རླུང་ཞུགས་ཤག ,rgyal bo srog rlung zhugs shag_,https://d38pmlk0v88drf.cloudfront.net/wav16k/STT_TT00204_01069.850-01070.650.wav,STT_TT,3,26,0.8000000000001819,wav16k/STT_TT00204_01069.850-01070.650.wav,རྒྱལ་པོ་སཙོག་ལུང་བཞུགས་ཤ
